[2, 1, 2, 2, 2] 
[1, 2, 3, 3, 3] 
[1, 3, 4, 4, 4] 
[1, 4, 5, 5, 5] 
[1, 5, 6, 6, 6] 
[1, 6, 6, 6, 6] 
[2, 6, 6, 6, 6] 
[1, 6, 6, 6, 6] 
[1, 6, 6, 6, 6] 
[2, 6, 6, 6, 6] 
[1, 6, 6, 6, 6] 
[1, 6, 6, 6, 6] 
[2, 6, 6, 6, 6] 
[1, 6, 6, 6, 6] 
[1, 6, 6, 6, 6] 
[2, 6, 6, 6, 6] 
[1, 6, 6, 6, 6] 
[1, 6, 6, 6, 6] 
[2, 6, 6, 6, 6] 
[1, 6, 6, 6, 6] 
[1, 6, 6, 6, 6] 
[2, 6, 6, 6, 6] 
[1, 6, 6, 6, 6] 
[1, 6, 6, 6, 6] 
[2, 6, 6, 6, 6] 
[1, 6, 6, 6, 6] 
[2, 6, 6, 6, 6] 
[1, 6, 6, 6, 6] 
[1, 6, 6, 6, 6] 
[2, 6, 6, 6, 6] 
[1, 6, 6, 6, 6] 
[1, 6, 6, 6, 6] 
[2, 6, 6, 6, 6] 
[1, 6, 6, 6, 6] 
[1, 6, 6, 6, 6] 
[2, 6, 6, 6, 6] 
[1, 6, 6, 6, 6] 
[1, 6, 6, 6, 6] 
[2, 6, 6, 6, 6] 
[1, 6, 6, 6, 6] 
[1, 6, 6, 6, 6] 
[2, 6, 6, 6, 6] 
[1, 6, 6, 6, 6] 
[1, 6, 6, 6, 6] 
[2, 6, 6, 6, 6] 
[1, 6, 6, 6, 6] 
[2, 6, 6, 6, 6] 
[1, 6, 6, 6, 6] 
[1, 6, 6, 6, 6] 
[2, 6, 6, 6, 6] 
[1, 6, 6, 6, 6] 
[1, 6, 6, 6, 6] 
[2, 6, 6, 6, 6] 
[3, 1, 6, 6, 6] 
[1, 2, 6, 6, 6] 
[1, 3, 6, 6, 6] 
[2, 4, 6, 6, 6] 
[1, 5, 6, 6, 6] 
[1, 6, 6, 6, 6] 
[2, 6, 6, 6, 6] 
[1, 6, 6, 6, 6] 
[1, 6, 6, 6, 6] 
[2, 6, 6, 6, 6] 
[1, 6, 6, 6, 6] 
[1, 6, 6, 6, 6] 
[2, 6, 6, 6, 6] 
[1, 6, 6, 6, 6] 
[1, 6, 6, 6, 6] 
[2, 6, 6, 6, 6] 
[1, 6, 6, 6, 6] 
[2, 6, 6, 6, 6] 
[1, 6, 6, 6, 6] 
[1, 6, 6, 6, 6] 
[2, 6, 6, 6, 6] 
[1, 6, 6, 6, 6] 
[1, 6, 6, 6, 6] 
[2, 6, 6, 6, 6] 
[1, 6, 6, 6, 6] 
[1, 6, 6, 6, 6] 
[2, 6, 6, 6, 6] 
[1, 6, 6, 6, 6] 
[1, 6, 6, 6, 6] 
[2, 6, 6, 6, 6] 
[1, 6, 6, 6, 6] 
[1, 6, 6, 6, 6] 
[2, 6, 6, 6, 6] 
[1, 6, 6, 6, 6] 
[1, 6, 6, 6, 6] 
[2, 6, 6, 6, 6] 
[1, 6, 6, 6, 6] 
[2, 6, 6, 6, 6] 
[1, 6, 6, 6, 6] 
[1, 6, 6, 6, 6] 
[2, 6, 6, 6, 6] 
[1, 6, 6, 6, 6] 
[1, 6, 6, 6, 6] 
[2, 6, 6, 6, 6] 
[1, 6, 6, 6, 6] 
[1, 6, 6, 6, 6] 
[2, 6, 6, 6, 6] 
