[0.000244, 4.9199185872658994e-05, 0.000156, 0.000204, 1.5e-05] 
[0.00020227541698774308, 4.9199185872658994e-05, 0.000156, 0.000204, 1.5e-05] 
[0.00016055083397548616, 4.9199185872658994e-05, 0.000156, 0.000204, 1.5e-05] 
[0.00011882625096322925, 4.9199185872658994e-05, 0.000156, 0.000204, 1.5e-05] 
[7.710166795097233e-05, 4.9199185872658994e-05, 0.000156, 0.000204, 1.5e-05] 
[3.5377084938715414e-05, 4.9199185872658994e-05, 0.000156, 0.000204, 1.5e-05] 
[0.00011317160565655039, 6.16931572579798e-05, 0.00016108668885820475, 0.00020986307931877788, 2.201579076255743e-05] 
[7.144702264429347e-05, 6.16931572579798e-05, 0.00016108668885820475, 0.00020986307931877788, 2.201579076255743e-05] 
[2.9722439632036556e-05, 6.16931572579798e-05, 0.00016108668885820475, 0.00020986307931877788, 2.201579076255743e-05] 
[0.00010751696034987153, 7.41871286433006e-05, 0.0001661733777164095, 0.00021572615863755577, 2.903158152511486e-05] 
[6.579237733761461e-05, 7.41871286433006e-05, 0.0001661733777164095, 0.00021572615863755577, 2.903158152511486e-05] 
[2.40677943253577e-05, 7.41871286433006e-05, 0.0001661733777164095, 0.00021572615863755577, 2.903158152511486e-05] 
[0.00010186231504319267, 8.66811000286214e-05, 0.00017126006657461427, 0.00022158923795633366, 3.604737228767229e-05] 
[6.013773203093576e-05, 8.66811000286214e-05, 0.00017126006657461427, 0.00022158923795633366, 3.604737228767229e-05] 
[1.841314901867884e-05, 8.66811000286214e-05, 0.00017126006657461427, 0.00022158923795633366, 3.604737228767229e-05] 
[9.620766973651382e-05, 9.917507141394221e-05, 0.00017634675543281902, 0.00022745231727511154, 4.306316305022972e-05] 
[5.44830867242569e-05, 9.917507141394221e-05, 0.00017634675543281902, 0.00022745231727511154, 4.306316305022972e-05] 
[1.2758503711999983e-05, 9.917507141394221e-05, 0.00017634675543281902, 0.00022745231727511154, 4.306316305022972e-05] 
[9.055302442983496e-05, 0.00011166904279926301, 0.00018143344429102378, 0.00023331539659388943, 5.007895381278715e-05] 
[4.882844141757804e-05, 0.00011166904279926301, 0.00018143344429102378, 0.00023331539659388943, 5.007895381278715e-05] 
[7.103858405321125e-06, 0.00011166904279926301, 0.00018143344429102378, 0.00023331539659388943, 5.007895381278715e-05] 
[8.48983791231561e-05, 0.00012416301418458382, 0.00018652013314922854, 0.0002391784759126673, 5.709474457534458e-05] 
[4.3173796110899183e-05, 0.00012416301418458382, 0.00018652013314922854, 0.0002391784759126673, 5.709474457534458e-05] 
[1.4492130986422673e-06, 0.00012416301418458382, 0.00018652013314922854, 0.0002391784759126673, 5.709474457534458e-05] 
[7.924373381647724e-05, 0.0001366569855699046, 0.0001916068220074333, 0.0002450415552314452, 6.411053533790201e-05] 
[3.7519150804220326e-05, 0.0001366569855699046, 0.0001916068220074333, 0.0002450415552314452, 6.411053533790201e-05] 
[0.0001153136715220553, 0.0001491509569552254, 0.00019669351086563805, 0.0002509046345502231, 7.112632610045944e-05] 
[7.358908850979838e-05, 0.0001491509569552254, 0.00019669351086563805, 0.0002509046345502231, 7.112632610045944e-05] 
[3.186450549754147e-05, 0.0001491509569552254, 0.00019669351086563805, 0.0002509046345502231, 7.112632610045944e-05] 
[0.00010965902621537644, 0.00016164492834054619, 0.0002017801997238428, 0.000256767713869001, 7.814211686301687e-05] 
[6.793444320311953e-05, 0.00016164492834054619, 0.0002017801997238428, 0.000256767713869001, 7.814211686301687e-05] 
[2.620986019086261e-05, 0.00016164492834054619, 0.0002017801997238428, 0.000256767713869001, 7.814211686301687e-05] 
[0.00010400438090869758, 0.00017413889972586698, 0.00020686688858204756, 0.0002626307931877789, 8.51579076255743e-05] 
[6.227979789644067e-05, 0.00017413889972586698, 0.00020686688858204756, 0.0002626307931877789, 8.51579076255743e-05] 
[2.0555214884183752e-05, 0.00017413889972586698, 0.00020686688858204756, 0.0002626307931877789, 8.51579076255743e-05] 
[9.834973560201873e-05, 0.00018663287111118777, 0.00021195357744025232, 0.00026849387250655677, 9.217369838813174e-05] 
[5.662515258976181e-05, 0.00018663287111118777, 0.00021195357744025232, 0.00026849387250655677, 9.217369838813174e-05] 
[1.4900569577504895e-05, 0.00018663287111118777, 0.00021195357744025232, 0.00026849387250655677, 9.217369838813174e-05] 
[9.269509029533987e-05, 0.00019912684249650856, 0.00021704026629845708, 0.00027435695182533466, 9.918948915068917e-05] 
[5.097050728308295e-05, 0.00019912684249650856, 0.00021704026629845708, 0.00027435695182533466, 9.918948915068917e-05] 
[9.245924270826037e-06, 0.00019912684249650856, 0.00021704026629845708, 0.00027435695182533466, 9.918948915068917e-05] 
[8.704044498866101e-05, 0.00021162081388182935, 0.00022212695515666183, 0.00028022003114411254, 0.0001062052799132466] 
[4.5315861976404095e-05, 0.00021162081388182935, 0.00022212695515666183, 0.00028022003114411254, 0.0001062052799132466] 
[3.591278964147179e-06, 0.00021162081388182935, 0.00022212695515666183, 0.00028022003114411254, 0.0001062052799132466] 
[8.138579968198215e-05, 0.00022411478526715014, 0.0002272136440148666, 0.0002860831104628904, 0.00011322107067580403] 
[3.966121666972524e-05, 0.00022411478526715014, 0.0002272136440148666, 0.0002860831104628904, 0.00011322107067580403] 
[0.00011745573738756021, 0.00023660875665247093, 0.00023230033287307135, 0.0002919461897816683, 0.00012023686143836146] 
[7.57311543753033e-05, 0.00023660875665247093, 0.00023230033287307135, 0.0002919461897816683, 0.00012023686143836146] 
[3.400657136304638e-05, 0.00023660875665247093, 0.00023230033287307135, 0.0002919461897816683, 0.00012023686143836146] 
[0.00011180109208088135, 0.00024910272803779174, 0.0002373870217312761, 0.0002978092691004462, 0.00012725265220091888] 
[7.007650906862444e-05, 0.00024910272803779174, 0.0002373870217312761, 0.0002978092691004462, 0.00012725265220091888] 
[2.8351926056367522e-05, 0.00024910272803779174, 0.0002373870217312761, 0.0002978092691004462, 0.00012725265220091888] 
[0.0001061464467742025, 0.00026159669942311253, 0.00024247371058948086, 0.0003036723484192241, 0.0001342684429634763] 
[0.0001061464467742025, 1.7958852957715519e-06, 0.00024247371058948086, 0.0003036723484192241, 0.0001342684429634763] 
[6.442186376194558e-05, 1.7958852957715519e-06, 0.00024247371058948086, 0.0003036723484192241, 0.0001342684429634763] 
[2.2697280749688664e-05, 1.7958852957715519e-06, 0.00024247371058948086, 0.0003036723484192241, 0.0001342684429634763] 
[0.00010049180146752364, 1.428985668109235e-05, 0.0002475603994476856, 0.00030953542773800197, 0.00014128423372603374] 
[5.876721845526672e-05, 1.428985668109235e-05, 0.0002475603994476856, 0.00030953542773800197, 0.00014128423372603374] 
[1.7042635443009806e-05, 1.428985668109235e-05, 0.0002475603994476856, 0.00030953542773800197, 0.00014128423372603374] 
[9.483715616084478e-05, 2.678382806641315e-05, 0.0002526470883058904, 0.00031539850705677986, 0.00014830002448859117] 
[5.3112573148587865e-05, 2.678382806641315e-05, 0.0002526470883058904, 0.00031539850705677986, 0.00014830002448859117] 
[1.1387990136330948e-05, 2.678382806641315e-05, 0.0002526470883058904, 0.00031539850705677986, 0.00014830002448859117] 
[8.918251085416592e-05, 3.927779945173395e-05, 0.00025773377716409513, 0.00032126158637555774, 0.0001553158152511486] 
[4.745792784190901e-05, 3.927779945173395e-05, 0.00025773377716409513, 0.00032126158637555774, 0.0001553158152511486] 
[5.7333448296520905e-06, 3.927779945173395e-05, 0.00025773377716409513, 0.00032126158637555774, 0.0001553158152511486] 
[8.352786554748707e-05, 5.1771770837054746e-05, 0.0002628204660222999, 0.00032712466569433563, 0.00016233160601370603] 
[4.180328253523015e-05, 5.1771770837054746e-05, 0.0002628204660222999, 0.00032712466569433563, 0.00016233160601370603] 
[7.869952297323275e-08, 5.1771770837054746e-05, 0.0002628204660222999, 0.00032712466569433563, 0.00016233160601370603] 
[7.787322024080821e-05, 6.426574222237554e-05, 0.00026790715488050464, 0.0003329877450131135, 0.00016934739677626346] 
[3.614863722855129e-05, 6.426574222237554e-05, 0.00026790715488050464, 0.0003329877450131135, 0.00016934739677626346] 
[0.00011394315794638627, 7.675971360769635e-05, 0.0002729938437387094, 0.0003388508243318914, 0.0001763631875388209] 
[7.221857493412935e-05, 7.675971360769635e-05, 0.0002729938437387094, 0.0003388508243318914, 0.0001763631875388209] 
[3.0493991921872433e-05, 7.675971360769635e-05, 0.0002729938437387094, 0.0003388508243318914, 0.0001763631875388209] 
[0.00010828851263970741, 8.925368499301715e-05, 0.00027808053259691416, 0.0003447139036506693, 0.00018337897830137832] 
[6.656392962745049e-05, 8.925368499301715e-05, 0.00027808053259691416, 0.0003447139036506693, 0.00018337897830137832] 
[2.4839346615193576e-05, 8.925368499301715e-05, 0.00027808053259691416, 0.0003447139036506693, 0.00018337897830137832] 
[0.00010263386733302855, 0.00010174765637833795, 0.0002831672214551189, 0.00035057698296944717, 0.00019039476906393575] 
[6.0909284320771634e-05, 0.00010174765637833795, 0.0002831672214551189, 0.00035057698296944717, 0.00019039476906393575] 
[1.9184701308514718e-05, 0.00010174765637833795, 0.0002831672214551189, 0.00035057698296944717, 0.00019039476906393575] 
[9.697922202634969e-05, 0.00011424162776365876, 0.00028825391031332367, 0.00035644006228822506, 0.00019741055982649318] 
[5.5254639014092776e-05, 0.00011424162776365876, 0.00028825391031332367, 0.00035644006228822506, 0.00019741055982649318] 
[1.353005600183586e-05, 0.00011424162776365876, 0.00028825391031332367, 0.00035644006228822506, 0.00019741055982649318] 
[9.132457671967083e-05, 0.00012673559914897956, 0.0002933405991715284, 0.00036230314160700294, 0.0002044263505890506] 
[4.959999370741392e-05, 0.00012673559914897956, 0.0002933405991715284, 0.00036230314160700294, 0.0002044263505890506] 
[7.875410695157002e-06, 0.00012673559914897956, 0.0002933405991715284, 0.00036230314160700294, 0.0002044263505890506] 
[8.566993141299198e-05, 0.00013922957053430035, 0.0002984272880297332, 0.00036816622092578083, 0.00021144214135160804] 
[4.394534840073506e-05, 0.00013922957053430035, 0.0002984272880297332, 0.00036816622092578083, 0.00021144214135160804] 
[2.2207653884781444e-06, 0.00013922957053430035, 0.0002984272880297332, 0.00036816622092578083, 0.00021144214135160804] 
[8.001528610631312e-05, 0.00015172354191962114, 0.00030351397688793794, 0.0003740293002445587, 0.00021845793211416547] 
[3.82907030940562e-05, 0.00015172354191962114, 0.00030351397688793794, 0.0003740293002445587, 0.00021845793211416547] 
[0.00011608522381189118, 0.00016421751330494193, 0.0003086006657461427, 0.0003798923795633366, 0.0002254737228767229] 
[7.436064079963426e-05, 0.00016421751330494193, 0.0003086006657461427, 0.0003798923795633366, 0.0002254737228767229] 
[3.2636057787377345e-05, 0.00016421751330494193, 0.0003086006657461427, 0.0003798923795633366, 0.0002254737228767229] 
[0.00011043057850521232, 0.00017671148469026272, 0.00031368735460434745, 0.0003857554588821145, 0.00023248951363928034] 
[6.87059954929554e-05, 0.00017671148469026272, 0.00031368735460434745, 0.0003857554588821145, 0.00023248951363928034] 
[2.6981412480698487e-05, 0.00017671148469026272, 0.00031368735460434745, 0.0003857554588821145, 0.00023248951363928034] 
[0.00010477593319853346, 0.0001892054560755835, 0.0003187740434625522, 0.00039161853820089237, 0.00023950530440183777] 
[6.305135018627655e-05, 0.0001892054560755835, 0.0003187740434625522, 0.00039161853820089237, 0.00023950530440183777] 
[2.132676717401963e-05, 0.0001892054560755835, 0.0003187740434625522, 0.00039161853820089237, 0.00023950530440183777] 
[9.91212878918546e-05, 0.0002016994274609043, 0.00032386073232075697, 0.00039748161751967026, 0.0002465210951643952] 
