0.5458263754844666 
0.355069637298584 
0.5626745223999023 
0.3341923952102661 
0.4501994550228119 
0.3690873980522156 
0.3748794496059418 
0.24435535073280334 
0.33751416206359863 
0.36298856139183044 
0.31628531217575073 
0.4326241612434387 
0.3057757019996643 
0.34445181488990784 
0.31156548857688904 
0.46262580156326294 
0.2808385193347931 
0.3796854615211487 
0.3585410714149475 
0.3197667896747589 
0.3121064007282257 
0.3787326216697693 
0.26111939549446106 
0.38758397102355957 
0.2785176634788513 
0.3294798731803894 
0.25485023856163025 
0.2992897629737854 
0.37214869260787964 
0.31380584836006165 
0.3336300253868103 
0.33756864070892334 
0.3326558470726013 
0.2648976445198059 
0.24021553993225098 
0.5223976969718933 
0.20009449124336243 
0.2499142587184906 
0.2443692684173584 
0.3401511013507843 
0.24920395016670227 
0.48764142394065857 
0.2348860800266266 
0.710458517074585 
0.2189563810825348 
0.44743815064430237 
0.2523644268512726 
0.3841094970703125 
0.2993483245372772 
0.4506501257419586 
0.23930206894874573 
0.7191296219825745 
0.259099543094635 
0.35017937421798706 
0.4525984823703766 
0.27443796396255493 
0.348037451505661 
0.3376324474811554 
0.47403305768966675 
0.348369300365448 
0.3963136374950409 
0.36301711201667786 
0.3620736598968506 
0.33031219244003296 
0.47747769951820374 
0.27977973222732544 
0.42281270027160645 
0.3057158589363098 
0.3518769145011902 
0.288340300321579 
0.6176590323448181 
0.31902727484703064 
0.24745967984199524 
0.27639690041542053 
0.33969828486442566 
0.24516494572162628 
0.3477557599544525 
0.37154269218444824 
0.34406375885009766 
0.31702983379364014 
0.4588196873664856 
0.3112431466579437 
0.2914202809333801 
0.3212425112724304 
0.610845685005188 
0.2547411322593689 
0.3724895119667053 
0.3320666551589966 
0.5719303488731384 
0.24910947680473328 
0.30210694670677185 
0.286133736371994 
0.352385550737381 
0.38731735944747925 
0.4533025622367859 
0.24320587515830994 
0.5941764712333679 
0.3063301146030426 
0.5998837351799011 
0.41128215193748474 
0.6140130758285522 
0.2600509524345398 
0.5184422135353088 
0.2530684471130371 
0.5429800748825073 
0.5512230396270752 
0.45714324712753296 
0.5084866285324097 
0.33726343512535095 
0.6271473169326782 
0.475604772567749 
0.4651430547237396 
0.8480448722839355 
0.45618516206741333 
0.5687679052352905 
0.5042487382888794 
0.3318338692188263 
0.4201809763908386 
0.30058032274246216 
0.31976041197776794 
0.36279311776161194 
0.3151019513607025 
0.44341540336608887 
0.37630051374435425 
0.3449288010597229 
0.2696988880634308 
0.3718032240867615 
0.41020727157592773 
0.33726993203163147 
0.3577296733856201 
0.4097014367580414 
0.2712155282497406 
0.28096190094947815 
0.403195858001709 
0.4028948247432709 
0.44386976957321167 
0.32608044147491455 
0.3295060396194458 
0.3654678463935852 
0.33997902274131775 
0.2990152835845947 
0.31954020261764526 
0.5141504406929016 
0.3701119124889374 
0.2684836983680725 
0.39358967542648315 
0.3320082426071167 
0.32622161507606506 
0.20705613493919373 
0.23927679657936096 
0.445372998714447 
0.47080016136169434 
0.5180854201316833 
0.29939183592796326 
0.38085952401161194 
0.2503376603126526 
0.3695862889289856 
0.2464733123779297 
0.3468121290206909 
0.36212217807769775 
0.34477686882019043 
0.2875097692012787 
0.45532169938087463 
0.3220354914665222 
0.37182003259658813 
0.24854536354541779 
0.3817174434661865 
0.25114914774894714 
0.43018803000450134 
0.2762838304042816 
0.3760354816913605 
0.25571408867836 
0.27971363067626953 
0.5579635500907898 
0.26724186539649963 
0.4395476281642914 
0.2710666060447693 
0.3821113407611847 
0.4788569509983063 
0.39748406410217285 
0.34660714864730835 
0.30178168416023254 
0.31563764810562134 
0.2596202790737152 
0.3353082537651062 
0.24472102522850037 
0.2682332992553711 
0.27680671215057373 
0.32268133759498596 
0.23763546347618103 
0.48993539810180664 
0.28558191657066345 
0.24279756844043732 
0.28471750020980835 
0.3987490236759186 
0.2702542841434479 
0.3038267493247986 
0.29188334941864014 
0.24435214698314667 
0.2770702838897705 
0.4088002145290375 
0.28520604968070984 
0.41054946184158325 
0.3475985825061798 
0.3027743697166443 
0.27886053919792175 
0.8140602111816406 
0.4089075028896332 
0.2620529234409332 
0.3259146809577942 
0.270463764667511 
0.28006306290626526 
0.19891831278800964 
0.7589152455329895 
0.3600834310054779 
0.23682422935962677 
0.31128185987472534 
0.24526074528694153 
0.3991487920284271 
0.26015955209732056 
0.3273710310459137 
0.290499210357666 
0.26669764518737793 
0.3880835473537445 
0.2739868760108948 
0.32955053448677063 
0.3172411322593689 
0.23597607016563416 
0.3303672671318054 
0.23112228512763977 
0.7282141447067261 
0.23985223472118378 
0.5883320569992065 
0.3127976059913635 
0.3165997862815857 
0.20648273825645447 
0.6609898805618286 
0.24047191441059113 
0.3549186587333679 
0.32485461235046387 
0.26841020584106445 
0.256450355052948 
0.517900824546814 
0.41812047362327576 
0.2366534173488617 
0.24787524342536926 
0.23569588363170624 
0.9606517553329468 
0.30467653274536133 
0.34254321455955505 
0.25676020979881287 
0.769542932510376 
0.2388894110918045 
0.27120059728622437 
0.4449240565299988 
0.2853924036026001 
0.29162901639938354 
0.20856793224811554 
0.28175225853919983 
0.26978373527526855 
0.7437605261802673 
0.23396757245063782 
0.3553542196750641 
0.30605944991111755 
0.28972327709198 
1.4305061101913452 
0.20541171729564667 
0.3689756393432617 
0.2206931859254837 
0.2785414457321167 
0.6489024758338928 
0.17070284485816956 
0.6410452127456665 
0.3085096776485443 
0.30380314588546753 
0.4465741217136383 
0.3636392056941986 
0.24862417578697205 
0.6132590770721436 
0.35888761281967163 
0.4029197096824646 
0.3670327663421631 
0.5804008841514587 
0.26202890276908875 
0.5644783973693848 
0.35301750898361206 
0.8529502153396606 
0.47319889068603516 
0.7471867799758911 
0.3573886752128601 
0.38459843397140503 
0.5482884049415588 
0.4424148201942444 
0.37631598114967346 
0.2618587017059326 
0.4019952714443207 
0.46923527121543884 
0.45700058341026306 
0.48189812898635864 
0.39610400795936584 
0.3554653823375702 
0.18909160792827606 
1.0186764001846313 
0.4124760031700134 
0.6386248469352722 
0.2929476201534271 
0.37889865040779114 
0.4218462407588959 
0.2691541314125061 
0.31482023000717163 
0.22438780963420868 
0.3900439441204071 
0.4393216669559479 
0.3144895136356354 
0.28031331300735474 
0.9102380871772766 
0.37480515241622925 
0.36352917551994324 
0.274212121963501 
0.48640018701553345 
0.2605646252632141 
0.42244952917099 
0.33770623803138733 
0.27750110626220703 
0.2456914484500885 
0.33316367864608765 
0.22704672813415527 
0.444786936044693 
0.2483290433883667 
0.24402472376823425 
0.2524818480014801 
0.5389983057975769 
0.24615462124347687 
0.27686944603919983 
0.2483220398426056 
0.7800873517990112 
0.2986893653869629 
0.9153528213500977 
0.26667484641075134 
0.6349300146102905 
0.3458031713962555 
0.275311142206192 
0.2740757167339325 
0.24600525200366974 
0.2348666936159134 
0.45762118697166443 
0.3432041108608246 
0.34899136424064636 
0.3284875750541687 
0.3247721791267395 
0.3826545178890228 
0.29736241698265076 
0.23329822719097137 
0.8073220252990723 
0.23476502299308777 
0.6909714937210083 
0.2941240966320038 
0.40671291947364807 
0.4272414743900299 
0.9530009031295776 
0.3400748670101166 
0.5582188367843628 
0.5406030416488647 
0.6624118089675903 
0.6004970669746399 
0.25939470529556274 
0.3328375816345215 
0.4759778380393982 
0.8047000765800476 
0.506549060344696 
0.7355552911758423 
0.4320448935031891 
0.30629152059555054 
1.085219144821167 
0.6876572370529175 
0.8784902691841125 
0.449459969997406 
0.6150164604187012 
0.3572658896446228 
0.3789597153663635 
0.5759012699127197 
0.2834005355834961 
0.9651263356208801 
1.026950716972351 
0.8534433245658875 
0.7744978070259094 
1.3194445371627808 
0.7017852067947388 
1.0658111572265625 
0.7039283514022827 
0.7543990015983582 
0.9830669164657593 
1.8679685592651367 
1.9856942892074585 
2.367781162261963 
2.3028645515441895 
3.3355700969696045 
3.450404405593872 
3.971665143966675 
3.7974185943603516 
3.6467692852020264 
4.37959623336792 
5.001997947692871 
8.870068550109863 
8.567801475524902 
7.541220664978027 
8.988308906555176 
9.610034942626953 
9.536462783813477 
8.497786521911621 
12.187875747680664 
7.8448591232299805 
9.993127822875977 
14.258407592773438 
6.04083251953125 
13.092289924621582 
9.501533508300781 
7.7571868896484375 
8.146966934204102 
10.51032543182373 
8.350407600402832 
29.221424102783203 
30.908626556396484 
32.058624267578125 
29.558618545532227 
30.36867332458496 
29.037826538085938 
31.641958236694336 
29.84932518005371 
28.201976776123047 
6.9970903396606445 
17.166662216186523 
12.797383308410645 
15.609883308410645 
19.375 
15.913960456848145 
15.914752006530762 
15.0 
14.0625 
14.0625 
16.437803268432617 
13.651723861694336 
8.817300796508789 
6.858640193939209 
6.45425271987915 
9.366117477416992 
16.5625 
19.0625 
14.375 
14.0625 
15.9375 
14.0625 
16.5625 
13.75 
14.0625 
15.3125 
14.6875 
11.875 
13.75 
17.1875 
11.25 
17.1875 
18.125 
16.875 
16.5625 
14.375 
14.0625 
13.4375 
12.8125 
16.875 
16.875 
16.25 
13.75 
15.3125 
13.4375 
15.625 
15.625 
18.4375 
16.25 
16.25 
14.375 
15.0 
15.0 
16.5625 
14.6875 
16.875 
17.5 
14.6875 
16.5625 
16.25 
18.125 
13.75 
14.375 
13.75 
14.375 
14.0625 
15.625 
18.125 
18.75 
18.125 
17.1875 
15.0 
14.6875 
12.8125 
17.8125 
18.4375 
17.8125 
19.375 
17.8125 
14.0625 
15.3125 
17.8125 
17.1875 
14.375 
16.5625 
14.6875 
15.9375 
15.3125 
15.3125 
12.8125 
17.5 
15.625 
19.0625 
15.9375 
14.6875 
16.875 
18.4375 
14.6875 
16.25 
15.0 
14.0625 
15.9375 
19.0625 
15.9375 
20.0 
15.625 
16.5625 
15.625 
16.25 
15.9375 
15.9375 
18.125 
16.875 
13.125 
15.3125 
14.375 
14.375 
15.0 
16.25 
15.9375 
16.875 
16.5625 
20.3125 
14.6875 
15.9375 
15.625 
14.375 
15.625 
15.3125 
15.9375 
15.625 
13.4375 
16.5625 
18.125 
13.125 
15.3125 
14.0625 
13.75 
13.75 
14.0625 
16.25 
16.5625 
14.6875 
15.0 
17.8125 
12.8125 
15.9375 
17.1875 
14.0625 
14.375 
13.75 
16.25 
13.75 
17.1875 
14.375 
18.75 
13.4375 
15.9375 
15.9375 
14.375 
15.0 
14.6875 
16.25 
15.3125 
13.125 
12.8125 
13.125 
17.8125 
12.5 
17.5 
15.0 
17.5 
12.1875 
11.875 
12.1875 
13.125 
15.0 
15.3125 
14.6875 
14.375 
16.25 
16.25 
14.375 
14.0625 
12.1875 
16.5625 
15.0 
13.75 
16.5625 
17.1875 
14.375 
12.5 
14.6875 
16.5625 
14.375 
14.375 
13.75 
14.6875 
15.9375 
12.8125 
14.0625 
14.0625 
11.5625 
14.6875 
15.3125 
15.9375 
14.0625 
15.0 
16.25 
13.4375 
17.5 
15.625 
18.125 
12.5 
17.5 
15.3125 
13.4375 
15.9375 
15.625 
17.1875 
16.25 
13.4375 
15.0 
12.5 
13.75 
12.5 
18.125 
15.9375 
16.875 
16.25 
15.3125 
17.5 
14.6875 
14.0625 
15.9375 
12.8125 
17.1875 
16.25 
18.125 
15.3125 
16.875 
17.1875 
16.875 
14.375 
20.0 
15.0 
17.1875 
13.75 
15.9375 
15.9375 
16.875 
15.9375 
14.375 
17.1875 
17.5 
15.625 
15.0 
13.75 
16.25 
17.5 
12.8125 
15.0 
16.25 
16.875 
16.5625 
15.625 
13.4375 
17.5 
22.5 
15.0 
15.625 
13.4375 
15.625 
14.375 
17.8125 
18.4375 
15.0 
15.9375 
15.3125 
15.3125 
20.3125 
14.6875 
17.5 
18.125 
15.625 
16.875 
16.25 
14.6875 
13.125 
14.0625 
16.5625 
16.875 
16.875 
17.1875 
17.8125 
15.0 
15.3125 
17.1875 
14.6875 
17.5 
13.4375 
15.9375 
15.0 
17.5 
14.6875 
16.875 
20.3125 
17.8125 
15.3125 
19.6875 
19.375 
14.375 
15.3125 
15.3125 
14.6875 
12.5 
16.5625 
15.3125 
14.375 
14.0625 
14.375 
16.25 
16.25 
14.0625 
15.9375 
14.375 
18.4375 
16.875 
14.375 
14.375 
14.375 
15.3125 
14.375 
15.0 
13.75 
18.125 
14.0625 
13.75 
16.875 
17.5 
14.0625 
15.625 
13.75 
14.6875 
17.1875 
18.4375 
15.625 
15.3125 
15.9375 
17.1875 
13.75 
12.1875 
17.1875 
13.75 
14.375 
16.25 
14.0625 
15.3125 
14.6875 
13.4375 
14.6875 
15.9375 
14.375 
13.4375 
13.125 
15.625 
14.6875 
13.125 
14.6875 
14.6875 
15.0 
14.6875 
14.375 
14.0625 
15.0 
13.75 
14.6875 
17.5 
14.0625 
16.25 
17.8125 
16.5625 
18.75 
16.875 
16.875 
12.5 
14.375 
15.3125 
15.0 
17.1875 
12.8125 
14.6875 
13.125 
14.0625 
13.4375 
13.4375 
11.5625 
12.8125 
16.25 
15.0 
17.8125 
16.25 
13.4375 
15.3125 
15.0 
16.25 
12.1875 
15.0 
17.1875 
19.6875 
13.125 
15.3125 
13.75 
17.8125 
18.75 
15.9375 
14.0625 
14.0625 
16.875 
14.6875 
16.25 
15.0 
18.125 
14.375 
15.3125 
19.6875 
15.0 
15.9375 
18.75 
15.625 
15.625 
15.0 
17.5 
11.25 
12.8125 
19.6875 
17.8125 
16.5625 
18.75 
15.3125 
15.0 
18.75 
15.9375 
16.5625 
16.875 
15.3125 
16.25 
13.4375 
15.625 
15.0 
18.125 
14.6875 
17.5 
17.1875 
13.125 
16.5625 
16.875 
13.75 
17.1875 
15.0 
15.3125 
13.75 
14.0625 
15.9375 
18.4375 
18.75 
15.9375 
16.5625 
15.625 
15.625 
13.75 
15.9375 
15.625 
15.625 
18.4375 
17.5 
13.4375 
19.0625 
13.75 
15.9375 
15.625 
14.6875 
15.3125 
16.875 
15.3125 
16.875 
15.625 
16.25 
15.9375 
13.75 
17.5 
15.0 
15.3125 
16.25 
15.3125 
16.5625 
16.875 
13.125 
15.0 
17.5 
19.0625 
15.625 
14.6875 
15.3125 
16.25 
15.3125 
13.4375 
16.5625 
16.5625 
17.1875 
14.6875 
21.25 
15.9375 
17.8125 
15.3125 
17.5 
17.8125 
12.5 
15.0 
15.9375 
18.4375 
18.75 
14.6875 
13.75 
15.3125 
11.25 
16.25 
14.375 
15.0 
17.5 
17.8125 
16.25 
20.3125 
18.4375 
15.9375 
17.5 
12.8125 
13.75 
13.125 
19.6875 
15.9375 
16.25 
15.9375 
12.8125 
14.0625 
17.1875 
15.9375 
13.125 
17.5 
11.875 
15.3125 
15.0 
18.125 
18.4375 
14.6875 
15.625 
17.5 
15.0 
14.0625 
16.5625 
17.8125 
16.875 
12.1875 
16.25 
14.375 
18.4375 
18.4375 
17.1875 
14.375 
19.0625 
15.9375 
14.0625 
12.8125 
15.0 
14.0625 
21.25 
16.25 
14.375 
16.5625 
11.5625 
16.5625 
17.5 
16.25 
14.6875 
18.125 
13.75 
15.9375 
12.8125 
17.5 
15.625 
17.5 
17.5 
15.0 
15.0 
14.0625 
16.5625 
13.125 
14.0625 
17.5 
13.75 
17.8125 
15.3125 
13.75 
16.5625 
16.875 
17.8125 
15.625 
13.4375 
17.1875 
14.0625 
15.9375 
15.9375 
14.6875 
15.3125 
16.875 
17.1875 
18.75 
15.625 
19.375 
19.0625 
14.0625 
16.25 
15.9375 
16.875 
13.75 
17.1875 
15.0 
16.5625 
16.875 
16.25 
15.9375 
15.3125 
17.5 
14.6875 
18.4375 
16.25 
16.5625 
17.5 
16.875 
19.0625 
16.25 
20.625 
16.875 
18.125 
18.4375 
18.75 
18.125 
17.1875 
17.1875 
18.125 
15.0 
18.125 
17.1875 
15.9375 
19.0625 
19.0625 
17.5 
15.625 
16.5625 
16.5625 
16.875 
15.625 
17.5 
19.0625 
17.8125 
15.3125 
18.125 
16.875 
13.75 
18.4375 
14.6875 
17.5 
16.5625 
17.8125 
16.25 
15.625 
19.375 
17.8125 
17.8125 
16.875 
19.0625 
16.875 
18.75 
18.4375 
16.25 
15.9375 
16.25 
15.0 
18.125 
14.0625 
17.8125 
12.8125 
16.25 
16.25 
18.4375 
18.4375 
15.0 
15.0 
18.125 
18.4375 
20.3125 
15.625 
17.5 
16.25 
15.625 
16.25 
18.4375 
12.1875 
20.3125 
17.5 
17.1875 
13.75 
16.25 
13.75 
17.5 
19.6875 
15.0 
17.5 
16.875 
16.5625 
16.25 
14.375 
14.6875 
19.0625 
16.875 
16.25 
15.625 
16.25 
16.25 
15.9375 
19.0625 
15.9375 
16.5625 
15.9375 
14.6875 
15.625 
16.875 
14.375 
15.3125 
14.0625 
14.0625 
16.25 
13.75 
12.1875 
16.25 
15.0 
12.8125 
15.0 
16.25 
12.5 
14.0625 
17.1875 
17.1875 
13.125 
17.8125 
17.8125 
12.5 
12.1875 
15.625 
13.4375 
14.6875 
15.9375 
18.4375 
15.9375 
13.4375 
15.0 
15.625 
14.6875 
12.1875 
15.625 
15.3125 
16.5625 
14.6875 
16.875 
13.75 
16.875 
17.8125 
17.8125 
15.625 
13.75 
16.25 
15.625 
15.0 
13.75 
17.1875 
13.4375 
15.3125 
20.0 
16.25 
15.625 
14.0625 
16.5625 
13.75 
15.625 
14.6875 
15.3125 
12.1875 
12.5 
15.9375 
14.0625 
14.375 
16.25 
17.8125 
15.625 
15.3125 
14.6875 
18.75 
12.8125 
18.125 
14.0625 
12.8125 
12.1875 
15.3125 
13.75 
15.625 
15.3125 
14.375 
14.375 
14.6875 
15.0 
18.4375 
15.625 
11.5625 
18.125 
16.875 
16.25 
15.0 
15.3125 
17.5 
16.25 
12.8125 
15.3125 
13.75 
13.125 
14.375 
16.25 
15.3125 
15.625 
14.6875 
13.125 
10.625 
15.9375 
10.625 
15.9375 
14.6875 
15.0 
19.6875 
13.75 
15.9375 
15.3125 
15.0 
15.3125 
15.9375 
15.9375 
13.4375 
18.125 
15.3125 
16.25 
12.8125 
18.125 
13.4375 
16.5625 
14.6875 
14.375 
15.3125 
15.3125 
17.5 
15.625 
15.625 
16.5625 
17.5 
15.3125 
17.5 
15.9375 
16.25 
17.8125 
18.4375 
13.75 
14.375 
15.0 
12.8125 
15.9375 
16.5625 
16.5625 
18.125 
16.875 
14.375 
15.625 
12.8125 
11.25 
17.5 
15.9375 
16.25 
14.375 
17.8125 
13.125 
17.8125 
15.3125 
12.1875 
15.9375 
12.5 
15.9375 
17.5 
13.125 
15.3125 
13.4375 
15.0 
15.9375 
17.1875 
18.125 
17.5 
17.1875 
15.3125 
14.0625 
14.0625 
14.6875 
16.25 
14.0625 
18.4375 
14.6875 
15.3125 
19.0625 
15.3125 
16.5625 
15.9375 
19.0625 
14.6875 
13.75 
12.1875 
14.0625 
16.875 
15.3125 
14.375 
14.375 
14.0625 
15.0 
13.4375 
15.3125 
15.625 
14.375 
18.125 
13.125 
12.8125 
13.75 
16.875 
13.125 
15.0 
12.8125 
14.375 
12.5 
15.9375 
17.1875 
14.0625 
12.1875 
18.75 
11.875 
12.1875 
15.625 
14.375 
17.1875 
16.875 
17.1875 
16.25 
12.8125 
13.125 
16.5625 
15.3125 
15.625 
16.5625 
15.3125 
14.0625 
15.9375 
12.8125 
15.0 
15.0 
14.0625 
15.9375 
16.5625 
17.5 
11.875 
17.5 
15.625 
13.4375 
13.4375 
14.375 
16.5625 
16.5625 
12.8125 
16.5625 
14.375 
15.0 
12.5 
13.4375 
15.9375 
15.9375 
12.1875 
13.125 
12.5 
15.625 
13.4375 
15.0 
15.9375 
13.125 
16.5625 
15.625 
14.0625 
13.125 
15.625 
17.1875 
15.9375 
16.5625 
14.6875 
13.125 
15.625 
13.75 
14.375 
15.3125 
20.0 
13.125 
15.0 
15.625 
14.6875 
15.0 
18.75 
17.1875 
16.25 
14.375 
14.6875 
18.4375 
14.375 
16.25 
18.4375 
15.0 
20.0 
19.375 
15.625 
18.4375 
15.3125 
18.4375 
17.1875 
16.25 
14.6875 
16.875 
16.875 
13.75 
17.5 
16.875 
17.5 
16.875 
16.5625 
16.25 
16.25 
17.5 
14.375 
17.1875 
16.25 
15.3125 
15.3125 
14.6875 
16.5625 
16.875 
20.0 
18.125 
16.875 
15.9375 
17.8125 
13.4375 
13.4375 
14.375 
15.3125 
16.25 
13.125 
17.5 
14.6875 
16.5625 
15.625 
15.3125 
16.25 
15.9375 
13.4375 
15.625 
13.4375 
15.625 
14.6875 
14.6875 
14.375 
15.3125 
14.375 
17.1875 
19.0625 
14.6875 
13.75 
14.375 
12.8125 
16.5625 
16.25 
14.6875 
16.5625 
14.375 
15.9375 
17.5 
21.25 
14.6875 
14.6875 
16.25 
15.0 
14.375 
14.375 
17.5 
15.3125 
14.0625 
15.0 
13.75 
14.6875 
16.875 
19.6875 
12.1875 
15.9375 
15.3125 
15.9375 
15.625 
19.0625 
13.75 
14.375 
15.9375 
16.5625 
13.4375 
12.1875 
14.375 
16.25 
15.9375 
17.8125 
13.75 
15.625 
20.0 
16.5625 
14.0625 
16.875 
15.3125 
18.4375 
14.0625 
12.1875 
13.75 
16.5625 
15.3125 
14.375 
15.625 
15.3125 
14.0625 
15.625 
14.0625 
17.5 
15.3125 
13.75 
16.25 
14.6875 
15.0 
16.5625 
13.125 
17.1875 
15.9375 
14.0625 
15.625 
18.4375 
16.875 
13.4375 
15.625 
13.125 
16.25 
16.25 
11.5625 
14.375 
15.9375 
14.0625 
15.9375 
14.0625 
15.625 
17.1875 
13.75 
19.0625 
17.1875 
13.125 
17.5 
13.75 
16.25 
16.875 
15.0 
16.875 
16.25 
17.5 
15.0 
17.5 
15.0 
15.3125 
19.375 
17.5 
13.75 
18.125 
15.625 
17.1875 
15.9375 
15.0 
18.125 
15.3125 
15.625 
15.625 
18.4375 
17.1875 
18.4375 
16.5625 
15.3125 
14.375 
13.125 
17.5 
16.875 
17.1875 
13.75 
12.5 
15.3125 
19.0625 
13.125 
15.625 
18.125 
18.75 
16.25 
14.6875 
17.8125 
14.375 
14.375 
15.0 
19.375 
16.25 
16.875 
18.125 
15.3125 
13.75 
15.9375 
15.625 
15.0 
15.9375 
16.875 
15.625 
15.9375 
15.625 
15.3125 
14.375 
15.3125 
17.1875 
17.1875 
17.5 
13.75 
16.5625 
16.25 
18.4375 
14.6875 
14.0625 
17.1875 
16.875 
15.9375 
18.125 
17.8125 
18.75 
15.625 
17.5 
15.625 
17.5 
15.625 
19.375 
13.75 
16.5625 
15.3125 
16.25 
16.5625 
16.875 
14.6875 
13.75 
17.8125 
16.5625 
15.9375 
18.125 
17.8125 
17.5 
15.3125 
18.75 
12.8125 
16.5625 
15.0 
17.8125 
19.0625 
13.75 
16.25 
14.375 
17.1875 
17.8125 
15.625 
19.0625 
14.6875 
15.3125 
16.25 
15.0 
18.4375 
18.125 
18.4375 
14.0625 
15.0 
11.5625 
15.625 
11.875 
16.25 
14.6875 
14.6875 
14.6875 
15.3125 
14.0625 
13.4375 
15.9375 
15.3125 
16.25 
15.3125 
14.6875 
19.0625 
17.8125 
13.75 
13.125 
16.5625 
16.875 
13.4375 
13.75 
15.3125 
16.25 
16.25 
13.4375 
17.5 
14.6875 
18.75 
17.1875 
12.1875 
14.6875 
14.0625 
16.5625 
15.9375 
17.8125 
15.3125 
18.125 
14.375 
15.9375 
15.625 
15.0 
14.6875 
16.5625 
15.625 
18.4375 
16.25 
15.625 
17.1875 
17.1875 
16.25 
15.9375 
13.75 
15.9375 
12.8125 
19.0625 
15.9375 
14.6875 
15.3125 
15.9375 
13.125 
11.25 
17.1875 
13.4375 
17.1875 
15.9375 
17.5 
17.5 
17.1875 
16.25 
14.6875 
12.8125 
17.5 
14.0625 
15.0 
13.75 
17.5 
16.25 
15.625 
17.1875 
15.0 
16.25 
13.4375 
16.25 
16.5625 
12.5 
16.25 
16.25 
15.3125 
13.75 
18.125 
19.6875 
12.8125 
15.9375 
14.0625 
16.25 
14.0625 
15.625 
17.1875 
14.6875 
15.3125 
16.5625 
16.875 
18.75 
17.8125 
19.6875 
15.625 
19.0625 
18.75 
18.125 
19.0625 
16.875 
15.9375 
17.1875 
14.6875 
16.5625 
15.9375 
20.625 
15.0 
17.5 
16.875 
14.6875 
17.5 
15.3125 
20.3125 
15.625 
18.125 
16.5625 
17.8125 
18.4375 
19.375 
16.25 
17.5 
19.0625 
19.6875 
16.25 
12.8125 
16.5625 
14.375 
19.375 
16.5625 
16.875 
15.625 
18.4375 
16.25 
18.4375 
14.375 
16.25 
14.0625 
18.125 
15.3125 
19.6875 
17.5 
17.5 
17.8125 
15.9375 
17.8125 
18.125 
19.0625 
15.0 
15.9375 
18.75 
16.25 
18.4375 
17.1875 
18.75 
16.875 
18.125 
15.625 
15.625 
17.1875 
17.8125 
17.1875 
15.0 
17.8125 
14.6875 
13.75 
20.0 
20.3125 
20.0 
17.5 
19.375 
19.6875 
16.5625 
18.125 
18.4375 
15.3125 
15.9375 
15.625 
17.5 
15.0 
15.625 
16.25 
17.8125 
14.6875 
15.625 
17.1875 
15.625 
15.3125 
18.125 
15.0 
15.9375 
16.875 
17.1875 
16.25 
19.375 
15.3125 
16.5625 
17.1875 
17.1875 
15.9375 
17.1875 
14.6875 
15.0 
14.6875 
13.4375 
19.6875 
12.8125 
17.1875 
13.4375 
18.75 
17.1875 
18.4375 
14.375 
17.5 
15.625 
15.9375 
14.0625 
15.625 
13.75 
14.0625 
15.0 
17.5 
13.75 
15.0 
13.125 
17.8125 
15.3125 
12.5 
16.875 
16.875 
16.5625 
12.8125 
16.25 
16.5625 
15.0 
18.125 
15.0 
13.4375 
15.625 
17.8125 
18.125 
13.125 
14.0625 
17.5 
18.4375 
18.4375 
15.3125 
13.75 
15.3125 
16.25 
14.375 
14.6875 
15.9375 
16.875 
18.125 
15.3125 
15.0 
15.9375 
16.5625 
14.6875 
15.625 
14.375 
14.375 
15.0 
13.125 
15.625 
15.9375 
18.4375 
13.75 
14.6875 
17.1875 
16.5625 
15.9375 
15.3125 
14.0625 
15.625 
11.875 
17.5 
17.1875 
14.0625 
17.1875 
16.25 
13.75 
17.1875 
13.125 
14.6875 
15.9375 
14.375 
15.9375 
16.25 
14.0625 
12.5 
14.6875 
13.4375 
14.6875 
17.1875 
14.375 
10.0 
14.6875 
13.4375 
15.9375 
15.3125 
13.75 
14.6875 
17.1875 
16.25 
15.625 
14.0625 
14.375 
13.75 
14.6875 
16.5625 
19.375 
18.75 
16.25 
14.375 
15.9375 
16.25 
15.3125 
15.9375 
17.1875 
15.0 
13.4375 
13.75 
17.5 
17.1875 
14.6875 
16.5625 
13.75 
17.5 
16.25 
15.0 
19.0625 
20.3125 
15.0 
16.25 
15.9375 
17.1875 
14.375 
17.5 
17.5 
18.4375 
14.0625 
15.0 
13.125 
18.75 
15.9375 
16.875 
15.3125 
13.75 
15.9375 
12.5 
15.625 
22.8125 
15.0 
15.625 
17.8125 
13.4375 
13.75 
15.3125 
18.4375 
15.0 
17.1875 
16.5625 
13.125 
12.8125 
12.8125 
16.25 
17.1875 
12.8125 
15.625 
13.4375 
18.125 
12.5 
14.375 
19.0625 
16.5625 
18.75 
14.375 
15.3125 
16.875 
11.25 
16.5625 
16.5625 
14.375 
13.4375 
16.25 
15.0 
14.375 
12.1875 
12.1875 
16.25 
19.0625 
16.25 
12.8125 
14.6875 
11.875 
11.875 
19.375 
13.4375 
10.0 
17.1875 
14.0625 
14.6875 
15.3125 
11.875 
13.4375 
14.375 
14.375 
13.4375 
14.6875 
13.125 
12.8125 
13.75 
16.875 
14.0625 
15.0 
15.625 
13.4375 
15.0 
13.4375 
17.1875 
16.875 
15.0 
13.4375 
16.875 
16.25 
14.6875 
11.875 
17.8125 
12.5 
14.0625 
16.875 
16.25 
15.9375 
15.3125 
13.125 
13.75 
16.25 
14.6875 
16.875 
15.625 
15.0 
14.0625 
19.0625 
13.75 
16.25 
12.5 
15.0 
15.3125 
16.5625 
15.0 
14.6875 
14.0625 
11.5625 
14.0625 
13.125 
19.6875 
15.625 
15.0 
14.0625 
15.3125 
15.9375 
15.9375 
15.3125 
12.1875 
18.75 
16.25 
17.1875 
15.625 
18.4375 
16.25 
14.0625 
12.5 
15.0 
15.3125 
15.3125 
12.8125 
13.4375 
11.5625 
19.375 
13.4375 
15.0 
12.1875 
15.3125 
15.3125 
13.125 
16.25 
15.9375 
16.875 
13.75 
17.5 
13.4375 
16.875 
18.125 
16.25 
13.75 
14.6875 
16.5625 
14.0625 
12.5 
15.0 
14.6875 
15.0 
14.375 
15.9375 
14.375 
16.5625 
16.5625 
18.4375 
15.625 
15.3125 
16.5625 
17.1875 
17.1875 
15.0 
18.75 
17.8125 
17.1875 
18.75 
13.125 
16.25 
18.125 
13.75 
16.5625 
16.25 
15.625 
15.625 
17.8125 
16.25 
16.25 
14.375 
17.8125 
14.375 
20.0 
15.3125 
16.5625 
16.25 
12.8125 
14.375 
15.625 
15.9375 
14.0625 
19.6875 
16.5625 
16.5625 
14.375 
16.25 
16.25 
19.375 
15.0 
15.0 
17.8125 
17.1875 
15.9375 
16.25 
20.0 
14.6875 
15.3125 
17.1875 
18.4375 
15.9375 
17.5 
20.0 
15.3125 
16.875 
16.25 
14.0625 
14.375 
14.6875 
20.625 
17.5 
15.625 
17.1875 
15.9375 
13.125 
19.0625 
14.6875 
14.6875 
13.75 
14.0625 
16.5625 
13.75 
15.625 
15.9375 
17.8125 
17.5 
18.4375 
14.375 
19.6875 
17.8125 
14.0625 
18.125 
12.1875 
13.75 
15.625 
16.875 
18.125 
15.9375 
16.875 
16.5625 
17.5 
15.3125 
12.1875 
18.75 
16.5625 
15.9375 
12.8125 
16.875 
14.0625 
17.5 
16.25 
18.125 
12.1875 
14.0625 
15.3125 
15.3125 
12.5 
15.625 
15.625 
18.4375 
13.4375 
15.625 
11.875 
18.125 
16.875 
15.625 
16.25 
14.0625 
15.9375 
10.625 
15.625 
17.1875 
13.75 
15.9375 
17.5 
15.9375 
17.5 
13.75 
15.0 
16.875 
14.375 
12.1875 
18.125 
16.25 
14.6875 
15.3125 
12.8125 
14.375 
14.0625 
15.3125 
17.5 
15.3125 
17.5 
13.125 
15.625 
13.75 
16.25 
15.3125 
14.0625 
14.375 
17.5 
15.625 
18.125 
15.9375 
16.5625 
15.0 
14.6875 
17.5 
18.75 
17.1875 
15.9375 
16.25 
13.125 
16.5625 
15.9375 
17.8125 
17.8125 
15.9375 
15.625 
17.8125 
16.25 
18.75 
14.375 
14.6875 
15.3125 
17.8125 
13.4375 
20.0 
15.9375 
15.3125 
14.0625 
16.875 
15.625 
15.9375 
18.75 
15.625 
12.8125 
15.3125 
18.125 
16.875 
17.5 
16.5625 
14.6875 
15.3125 
14.375 
17.8125 
14.6875 
15.625 
19.0625 
16.25 
18.125 
15.0 
12.1875 
13.4375 
15.625 
13.125 
16.25 
15.9375 
15.9375 
17.5 
20.0 
15.9375 
14.375 
14.375 
16.25 
11.875 
14.375 
16.5625 
17.5 
16.5625 
15.3125 
17.8125 
17.5 
14.0625 
13.125 
16.875 
16.5625 
14.375 
14.0625 
15.3125 
15.3125 
15.3125 
14.6875 
16.25 
15.625 
14.0625 
17.5 
16.5625 
17.5 
14.6875 
15.0 
15.3125 
15.625 
14.375 
17.1875 
20.3125 
16.25 
15.9375 
12.5 
14.6875 
15.3125 
16.25 
14.6875 
16.25 
15.625 
15.0 
15.625 
16.25 
15.3125 
13.75 
20.3125 
14.375 
16.875 
15.9375 
17.5 
15.9375 
15.625 
15.625 
11.875 
17.1875 
11.25 
15.9375 
15.0 
13.4375 
18.125 
15.625 
13.125 
16.25 
16.875 
18.125 
12.1875 
16.5625 
14.375 
13.4375 
16.875 
12.8125 
17.5 
16.25 
18.4375 
15.3125 
17.1875 
14.0625 
15.9375 
15.0 
16.875 
16.25 
16.5625 
14.6875 
15.625 
14.6875 
15.625 
17.1875 
14.375 
16.875 
15.625 
14.0625 
15.0 
13.4375 
12.1875 
12.8125 
14.375 
12.8125 
14.0625 
16.25 
15.3125 
16.875 
15.9375 
12.8125 
18.75 
16.25 
11.875 
18.125 
17.1875 
19.375 
15.625 
17.5 
18.75 
15.9375 
18.125 
18.125 
16.25 
14.6875 
16.5625 
20.625 
17.1875 
14.6875 
15.625 
14.375 
15.9375 
15.9375 
16.25 
15.9375 
16.875 
14.375 
15.0 
15.0 
15.625 
14.6875 
15.3125 
14.6875 
16.25 
13.4375 
16.875 
14.6875 
15.625 
17.1875 
16.5625 
14.6875 
16.25 
18.75 
12.8125 
13.4375 
17.1875 
16.25 
18.125 
17.5 
18.4375 
15.625 
16.5625 
18.4375 
17.8125 
18.75 
16.5625 
15.625 
15.0 
17.8125 
14.0625 
19.6875 
15.3125 
16.25 
16.875 
15.0 
17.1875 
19.375 
20.0 
20.3125 
17.5 
18.4375 
19.375 
17.5 
17.1875 
18.4375 
15.625 
18.75 
13.125 
17.1875 
15.625 
19.6875 
13.4375 
15.9375 
17.5 
15.9375 
16.5625 
19.0625 
16.25 
17.1875 
17.8125 
19.0625 
20.0 
13.125 
16.25 
17.5 
17.8125 
15.0 
15.625 
18.125 
19.6875 
17.8125 
16.25 
13.4375 
18.4375 
15.3125 
15.625 
19.0625 
17.5 
16.875 
16.5625 
17.8125 
17.5 
21.5625 
12.1875 
17.5 
19.6875 
16.25 
14.0625 
15.625 
15.9375 
16.25 
20.0 
15.625 
13.75 
19.0625 
16.5625 
17.5 
15.625 
11.25 
16.5625 
13.125 
20.0 
14.0625 
16.5625 
15.0 
19.375 
15.3125 
16.875 
14.0625 
14.375 
18.75 
18.75 
16.5625 
17.1875 
16.875 
18.125 
19.375 
16.5625 
18.125 
17.8125 
16.5625 
18.125 
15.625 
16.5625 
16.875 
15.9375 
14.6875 
17.8125 
17.1875 
17.5 
15.3125 
16.875 
15.3125 
16.25 
16.25 
18.75 
13.125 
14.0625 
16.5625 
13.75 
17.1875 
15.3125 
14.375 
13.4375 
19.375 
17.1875 
15.3125 
15.9375 
15.625 
14.375 
18.75 
15.9375 
15.0 
15.625 
12.8125 
14.0625 
16.5625 
14.6875 
16.875 
13.125 
13.75 
14.375 
15.9375 
19.0625 
15.3125 
19.6875 
17.8125 
17.5 
18.4375 
15.9375 
15.625 
15.625 
14.0625 
15.3125 
16.25 
15.625 
15.3125 
15.625 
12.8125 
16.875 
15.0 
13.125 
17.1875 
12.5 
15.625 
20.3125 
15.625 
16.875 
15.0 
14.6875 
15.9375 
15.0 
17.5 
15.9375 
15.9375 
14.0625 
12.5 
15.625 
16.5625 
15.0 
12.5 
12.8125 
16.25 
17.1875 
13.125 
16.25 
16.25 
13.4375 
15.625 
14.375 
14.375 
13.4375 
17.5 
16.875 
17.1875 
19.6875 
13.125 
15.0 
18.75 
16.25 
13.4375 
14.6875 
15.9375 
14.375 
11.5625 
11.875 
13.75 
13.125 
15.3125 
15.0 
15.0 
12.8125 
14.0625 
14.6875 
13.75 
15.3125 
13.125 
16.25 
16.5625 
13.75 
18.125 
19.375 
13.4375 
15.3125 
13.4375 
15.3125 
17.8125 
14.0625 
17.1875 
15.3125 
19.375 
14.375 
13.75 
15.9375 
15.3125 
15.0 
14.375 
18.75 
15.9375 
13.75 
16.25 
15.0 
16.5625 
13.125 
16.875 
13.125 
14.375 
18.75 
19.6875 
13.75 
15.625 
14.375 
15.625 
14.0625 
15.9375 
16.5625 
15.3125 
19.0625 
16.875 
14.0625 
17.8125 
14.6875 
15.9375 
14.0625 
14.0625 
12.5 
15.9375 
15.0 
17.1875 
12.1875 
13.4375 
15.625 
17.8125 
14.375 
14.0625 
15.0 
15.3125 
16.5625 
16.875 
16.875 
16.875 
14.6875 
13.125 
16.5625 
16.5625 
14.375 
11.5625 
13.125 
13.4375 
13.4375 
17.1875 
13.75 
15.9375 
15.625 
15.3125 
15.0 
18.75 
15.3125 
12.1875 
15.9375 
15.3125 
14.0625 
13.75 
16.5625 
14.6875 
14.6875 
14.6875 
17.5 
15.625 
15.3125 
13.125 
16.875 
15.0 
16.5625 
16.25 
16.875 
15.9375 
14.375 
15.0 
16.875 
15.3125 
15.625 
12.8125 
15.625 
15.625 
15.625 
11.875 
16.5625 
17.1875 
15.9375 
14.6875 
13.125 
14.6875 
11.875 
15.625 
16.5625 
15.625 
17.8125 
13.75 
12.8125 
14.0625 
14.6875 
14.375 
13.75 
13.75 
16.875 
10.625 
15.3125 
18.125 
15.9375 
17.8125 
15.625 
13.125 
15.0 
14.0625 
15.3125 
13.125 
14.375 
13.125 
14.375 
15.3125 
14.375 
17.8125 
15.0 
14.6875 
14.6875 
15.0 
15.9375 
12.1875 
17.8125 
13.75 
14.0625 
14.0625 
15.9375 
14.6875 
14.375 
16.5625 
12.5 
13.125 
16.5625 
17.5 
16.25 
15.3125 
20.0 
15.625 
18.4375 
20.0 
15.3125 
13.125 
14.375 
15.9375 
15.625 
16.25 
17.1875 
13.75 
17.8125 
11.25 
14.0625 
15.0 
18.4375 
15.625 
13.75 
14.6875 
16.5625 
14.6875 
14.0625 
15.9375 
14.375 
14.6875 
16.25 
14.6875 
16.875 
13.125 
15.3125 
13.125 
15.625 
14.375 
16.875 
15.3125 
17.5 
15.3125 
17.8125 
18.125 
16.875 
15.9375 
16.25 
16.875 
15.0 
15.9375 
15.0 
19.375 
16.875 
15.625 
15.9375 
16.875 
15.625 
17.1875 
17.1875 
13.75 
15.625 
17.5 
16.875 
12.8125 
16.25 
17.5 
15.3125 
19.375 
15.3125 
15.3125 
14.375 
17.5 
15.9375 
17.5 
14.0625 
13.75 
14.6875 
17.5 
15.625 
15.3125 
17.8125 
15.9375 
15.9375 
14.375 
16.875 
16.25 
15.9375 
14.375 
14.6875 
18.125 
15.625 
16.25 
15.3125 
17.8125 
16.875 
14.0625 
16.5625 
17.5 
14.0625 
15.625 
17.8125 
15.625 
12.1875 
14.6875 
14.0625 
14.0625 
19.6875 
16.5625 
18.125 
17.8125 
14.0625 
14.375 
14.0625 
15.0 
18.4375 
17.1875 
14.6875 
15.0 
14.6875 
15.625 
14.6875 
14.6875 
15.9375 
20.0 
17.1875 
15.625 
15.9375 
16.875 
15.0 
12.5 
16.25 
13.4375 
16.875 
16.5625 
17.1875 
19.375 
14.375 
16.875 
15.9375 
14.6875 
15.3125 
15.625 
16.875 
15.0 
15.9375 
16.5625 
14.375 
12.1875 
15.3125 
15.3125 
16.875 
12.8125 
15.9375 
16.5625 
17.1875 
15.0 
14.6875 
16.5625 
15.625 
18.125 
14.0625 
12.8125 
17.5 
15.3125 
12.1875 
16.875 
14.375 
14.0625 
15.0 
16.5625 
14.375 
16.875 
14.375 
14.375 
13.4375 
16.5625 
17.1875 
15.0 
16.875 
15.0 
13.4375 
16.875 
16.5625 
16.5625 
17.5 
15.0 
16.875 
14.375 
12.8125 
14.375 
14.6875 
15.3125 
18.4375 
14.0625 
15.3125 
14.375 
13.75 
15.9375 
18.75 
15.625 
17.8125 
15.625 
15.3125 
13.125 
13.125 
16.25 
15.625 
17.1875 
17.1875 
15.625 
14.6875 
15.3125 
16.5625 
18.4375 
18.4375 
14.6875 
14.0625 
14.6875 
18.75 
16.25 
17.1875 
16.5625 
12.8125 
19.0625 
14.375 
18.4375 
16.875 
15.625 
16.25 
17.5 
18.125 
17.8125 
15.0 
17.5 
17.1875 
15.0 
15.0 
15.3125 
13.75 
18.75 
18.75 
16.875 
18.4375 
16.5625 
19.6875 
20.625 
14.6875 
15.625 
16.25 
14.375 
16.25 
14.375 
16.875 
15.9375 
18.4375 
17.5 
13.75 
15.0 
12.8125 
17.1875 
15.3125 
18.125 
15.625 
15.625 
15.625 
15.9375 
14.0625 
14.0625 
15.3125 
15.625 
17.5 
18.125 
15.0 
15.9375 
15.3125 
14.0625 
14.375 
14.375 
19.375 
15.3125 
15.9375 
15.3125 
14.6875 
15.625 
16.875 
13.75 
14.375 
18.75 
15.9375 
16.875 
17.1875 
16.875 
15.625 
15.0 
14.375 
15.0 
19.6875 
15.625 
17.1875 
14.0625 
14.375 
17.8125 
15.0 
14.375 
14.6875 
18.125 
11.25 
15.625 
17.8125 
15.3125 
15.3125 
21.25 
16.875 
16.5625 
12.5 
15.0 
11.5625 
15.3125 
13.4375 
15.9375 
14.375 
13.75 
15.3125 
14.6875 
14.6875 
13.125 
15.3125 
13.4375 
13.125 
20.0 
14.6875 
15.3125 
15.0 
17.1875 
14.375 
13.125 
13.75 
19.0625 
12.8125 
16.25 
14.0625 
15.625 
16.5625 
18.125 
15.9375 
16.875 
17.1875 
14.375 
13.75 
14.0625 
17.1875 
18.125 
16.5625 
16.875 
13.4375 
13.75 
13.4375 
15.0 
18.125 
19.6875 
15.0 
13.125 
16.5625 
14.375 
15.0 
15.9375 
15.3125 
14.0625 
15.9375 
17.5 
19.375 
17.1875 
16.875 
15.3125 
15.9375 
15.3125 
14.375 
14.0625 
15.0 
17.1875 
16.25 
15.0 
14.6875 
17.5 
13.75 
17.5 
16.5625 
15.625 
13.125 
15.9375 
15.625 
16.25 
14.0625 
16.875 
14.375 
19.0625 
13.4375 
14.6875 
14.375 
18.75 
21.875 
15.0 
16.25 
17.5 
15.0 
15.625 
15.625 
18.125 
19.6875 
15.0 
18.75 
16.25 
18.75 
17.1875 
18.75 
15.0 
17.1875 
20.625 
13.75 
16.25 
17.5 
16.25 
19.375 
18.75 
13.75 
19.375 
13.4375 
15.3125 
15.0 
19.0625 
15.625 
16.875 
15.625 
16.5625 
19.0625 
16.5625 
17.8125 
18.125 
19.375 
13.4375 
13.4375 
19.0625 
13.4375 
14.375 
14.375 
21.25 
18.4375 
15.0 
16.5625 
15.9375 
19.375 
17.8125 
19.0625 
16.5625 
19.0625 
15.3125 
18.75 
15.9375 
15.625 
15.625 
17.1875 
16.875 
18.125 
16.875 
19.6875 
14.6875 
16.875 
15.9375 
17.1875 
19.6875 
19.375 
18.4375 
19.375 
19.0625 
15.0 
16.875 
18.4375 
14.6875 
16.5625 
16.5625 
19.6875 
18.4375 
15.625 
17.8125 
15.9375 
14.0625 
17.8125 
13.75 
18.125 
19.6875 
17.8125 
16.25 
15.9375 
14.375 
15.9375 
15.0 
16.5625 
16.25 
18.75 
17.8125 
16.25 
15.3125 
19.375 
13.125 
15.625 
10.9375 
16.875 
18.75 
15.0 
16.875 
16.5625 
17.8125 
15.625 
14.6875 
15.9375 
16.875 
15.9375 
17.1875 
15.9375 
17.8125 
18.125 
14.375 
15.625 
12.8125 
17.8125 
16.875 
15.625 
11.875 
15.625 
17.5 
19.0625 
12.8125 
15.0 
16.875 
17.1875 
18.4375 
13.75 
16.25 
16.25 
18.75 
16.5625 
14.6875 
15.3125 
14.6875 
17.5 
18.125 
13.125 
12.8125 
13.125 
15.625 
15.0 
15.3125 
17.8125 
15.0 
15.3125 
15.9375 
15.625 
14.375 
16.875 
16.5625 
14.6875 
18.4375 
15.625 
14.6875 
16.25 
17.8125 
12.8125 
15.3125 
13.125 
13.75 
15.625 
12.8125 
14.0625 
16.25 
14.0625 
16.875 
15.0 
14.6875 
17.5 
13.4375 
15.9375 
14.6875 
16.875 
15.0 
14.0625 
16.25 
17.5 
13.4375 
16.875 
13.4375 
12.5 
14.6875 
15.9375 
16.875 
17.1875 
14.0625 
16.875 
13.75 
12.5 
15.3125 
11.875 
17.1875 
15.0 
15.0 
15.9375 
12.8125 
14.6875 
17.1875 
15.625 
15.3125 
16.5625 
12.5 
15.0 
10.625 
15.3125 
17.1875 
18.4375 
14.6875 
14.0625 
17.8125 
15.625 
14.0625 
14.375 
18.125 
14.6875 
16.25 
13.125 
15.9375 
13.4375 
16.5625 
15.625 
15.9375 
15.625 
14.0625 
13.75 
15.0 
17.5 
15.625 
14.6875 
17.1875 
16.5625 
15.0 
15.625 
16.25 
15.625 
14.0625 
19.0625 
13.125 
15.0 
14.375 
18.75 
15.625 
15.625 
16.5625 
15.625 
18.125 
13.125 
17.8125 
15.625 
17.1875 
11.5625 
17.5 
20.3125 
15.9375 
13.75 
17.8125 
18.75 
14.375 
16.5625 
14.6875 
11.25 
15.9375 
12.1875 
15.9375 
16.875 
15.625 
20.625 
13.75 
14.6875 
12.5 
16.25 
14.0625 
16.5625 
14.375 
14.6875 
16.875 
15.3125 
18.125 
17.1875 
14.375 
18.4375 
16.875 
16.25 
15.0 
17.1875 
15.9375 
14.375 
15.3125 
15.3125 
16.5625 
17.5 
16.25 
15.0 
15.9375 
13.4375 
16.875 
18.125 
17.1875 
16.25 
15.9375 
15.0 
16.875 
16.875 
15.3125 
17.8125 
16.25 
17.8125 
13.125 
15.9375 
13.75 
13.125 
15.9375 
13.4375 
15.9375 
15.625 
14.375 
15.9375 
15.9375 
18.4375 
16.25 
18.4375 
12.5 
15.0 
13.125 
15.3125 
15.625 
15.0 
15.3125 
16.25 
16.875 
19.375 
15.9375 
16.25 
17.1875 
16.25 
17.8125 
12.5 
18.75 
16.25 
11.5625 
14.0625 
13.125 
13.125 
14.0625 
17.8125 
16.25 
16.5625 
14.0625 
15.3125 
11.875 
15.0 
16.5625 
14.0625 
14.375 
16.25 
15.3125 
15.3125 
15.9375 
14.6875 
13.4375 
15.9375 
15.9375 
17.5 
18.75 
15.625 
15.0 
18.4375 
16.25 
13.125 
14.375 
13.4375 
19.0625 
13.4375 
15.0 
13.125 
18.125 
17.1875 
16.25 
15.9375 
17.8125 
12.5 
14.375 
13.125 
15.3125 
17.5 
16.25 
16.5625 
17.1875 
16.5625 
16.5625 
15.0 
15.9375 
18.125 
18.125 
16.25 
15.625 
13.4375 
14.375 
17.1875 
16.5625 
14.6875 
15.0 
19.0625 
16.5625 
15.3125 
19.0625 
20.3125 
15.625 
16.875 
14.375 
16.25 
20.0 
16.5625 
15.625 
20.3125 
16.5625 
19.6875 
14.6875 
17.8125 
16.5625 
16.25 
15.625 
18.4375 
16.875 
17.1875 
15.0 
15.0 
13.4375 
18.125 
15.0 
12.5 
15.9375 
12.8125 
15.3125 
19.0625 
14.375 
16.5625 
16.25 
16.25 
16.875 
15.3125 
11.5625 
12.5 
13.125 
15.3125 
15.9375 
14.375 
16.25 
17.1875 
18.4375 
15.3125 
15.9375 
15.625 
18.4375 
18.75 
17.5 
12.8125 
16.25 
16.5625 
17.8125 
16.25 
12.8125 
15.625 
14.375 
15.0 
16.5625 
15.0 
14.0625 
15.9375 
14.6875 
16.5625 
15.3125 
15.3125 
15.3125 
15.3125 
17.1875 
18.125 
17.8125 
12.5 
15.3125 
13.75 
18.75 
12.8125 
16.875 
17.1875 
15.625 
15.625 
16.25 
14.375 
14.375 
17.1875 
15.0 
14.6875 
16.25 
12.1875 
17.8125 
12.8125 
16.25 
15.625 
13.4375 
15.625 
14.375 
14.375 
11.5625 
15.9375 
16.5625 
13.75 
11.25 
13.75 
16.875 
15.0 
15.0 
16.5625 
15.625 
16.875 
14.6875 
17.5 
15.0 
14.0625 
15.3125 
13.4375 
14.0625 
16.5625 
17.8125 
14.6875 
13.75 
17.1875 
12.8125 
