1.995 
2.49 
2.983333333333334 
3.4750000000000005 
3.9650000000000007 
4.453333333333334 
4.94 
5.305000000000001 
5.5888888888888895 
5.816000000000001 
6.001818181818183 
6.156666666666667 
6.287692307692309 
6.4 
6.497333333333334 
6.5825000000000005 
6.65764705882353 
6.724444444444445 
6.78421052631579 
6.838000000000001 
6.8866666666666685 
6.930909090909093 
6.97130434782609 
7.008333333333336 
7.042400000000003 
7.073846153846158 
7.102962962962967 
7.130000000000004 
7.1551724137931085 
7.178666666666672 
7.200645161290328 
7.221250000000006 
7.2406060606060665 
7.258823529411771 
7.276000000000006 
7.292222222222228 
7.307567567567574 
7.322105263157901 
7.335897435897443 
7.349000000000006 
7.361463414634153 
7.37333333333334 
7.384651162790704 
7.395454545454553 
7.405777777777785 
7.415652173913051 
7.425106382978731 
7.434166666666674 
7.442857142857151 
7.451200000000008 
7.459215686274518 
7.466923076923085 
7.4743396226415175 
7.48148148148149 
7.488363636363645 
7.495000000000009 
7.501403508771938 
7.50758620689656 
7.513559322033907 
7.519333333333342 
7.5249180327868945 
7.53032258064517 
7.535555555555565 
7.540625000000009 
7.545538461538471 
7.55030303030304 
7.5549253731343375 
7.559411764705892 
7.563768115942039 
7.568000000000009 
7.5721126760563475 
7.576111111111121 
7.58000000000001 
7.583783783783794 
7.587466666666677 
7.5910526315789575 
7.5945454545454645 
7.597948717948728 
7.60126582278482 
7.6045000000000105 
7.607654320987664 
7.6107317073170835 
7.613734939759047 
7.616666666666677 
7.6195294117647165 
7.622325581395359 
7.625057471264379 
7.627727272727284 
7.630337078651696 
7.6328888888889 
7.635384615384626 
7.637826086956532 
7.640215053763452 
7.642553191489372 
7.6448421052631685 
7.647083333333344 
7.649278350515474 
7.651428571428582 
7.653535353535364 
7.65560000000001 
7.657623762376248 
7.659607843137266 
7.661553398058263 
7.663461538461549 
7.665333333333344 
7.667169811320766 
7.668971962616833 
7.670740740740752 
7.672477064220194 
7.674181818181829 
7.675855855855867 
7.677500000000011 
7.679115044247799 
7.680701754385976 
7.682260869565229 
7.683793103448287 
7.685299145299156 
7.686779661016961 
7.688235294117658 
7.689666666666678 
7.6910743801653005 
7.692459016393454 
7.693821138211393 
7.695161290322592 
7.696480000000012 
7.697777777777789 
7.699055118110247 
7.700312500000011 
7.70155038759691 
7.702769230769241 
7.703969465648866 
7.705151515151526 
7.7063157894736944 
7.707462686567174 
7.708592592592602 
7.709705882352949 
7.710802919708037 
7.711884057971021 
7.712949640287776 
7.714000000000005 
7.715035460992913 
7.716056338028173 
7.7170629370629396 
7.718055555555558 
7.719034482758622 
7.720000000000001 
7.720952380952381 
7.721891891891891 
7.722818791946308 
7.723733333333332 
7.7246357615894015 
7.7255263157894705 
7.726405228758166 
7.727272727272723 
7.728129032258059 
7.728974358974353 
7.729808917197446 
7.730632911392398 
7.731446540880496 
7.732249999999992 
7.733043478260861 
7.733827160493818 
7.734601226993855 
7.735365853658526 
7.736121212121201 
7.736867469879507 
7.73760479041915 
7.738333333333321 
7.739053254437857 
7.739764705882339 
7.740467836257296 
7.74116279069766 
7.741849710982644 
7.742528735632169 
7.743199999999984 
7.74386363636362 
7.744519774011283 
7.745168539325825 
7.745810055865904 
7.7464444444444265 
7.747071823204402 
7.747692307692288 
7.7483060109289426 
7.7489130434782405 
7.749513513513493 
7.7501075268817 
7.750695187165754 
7.751276595744659 
7.751851851851829 
7.752421052631556 
7.752984293193695 
7.753541666666643 
7.754093264248681 
7.754639175257708 
7.755179487179463 
7.7557142857142605 
7.75624365482231 
7.756767676767651 
7.757286432160778 
7.757799999999974 
7.758308457711416 
7.758811881188092 
7.759310344827559 
7.7598039215686 
7.760292682926801 
7.760776699029098 
7.761256038647314 
7.76173076923074 
7.762200956937769 
7.762666666666637 
7.763127962085278 
7.7635849056603465 
7.764037558685415 
7.76448598130838 
7.7649302325581075 
7.765370370370339 
7.765806451612871 
7.7662385321100595 
7.766666666666634 
7.767090909090876 
7.767511312217161 
7.767927927927894 
7.768340807174854 
7.768749999999966 
7.769155555555521 
7.769557522123859 
7.769955947136529 
7.770350877192947 
7.770742358078567 
7.771130434782573 
7.771515151515115 
7.771896551724101 
7.772274678111551 
7.772649572649535 
7.773021276595707 
7.773389830508437 
7.773755274261566 
7.774117647058786 
7.7744769874476605 
7.774833333333294 
7.775186721991663 
7.775537190082606 
7.775884773662512 
7.776229508196682 
7.776571428571389 
7.776910569105651 
7.777246963562712 
7.777580645161249 
7.777911646586304 
7.7782399999999585 
7.778565737051752 
7.778888888888847 
7.779209486165966 
7.779527559055076 
7.7798431372548595 
7.7801562499999575 
7.780466926069996 
7.780775193798407 
7.781081081081038 
7.781384615384572 
7.781685823754746 
7.781984732824384 
7.782281368821248 
7.782575757575714 
7.782867924528259 
7.7831578947368 
7.783445692883854 
7.7837313432835415 
7.784014869888436 
7.784296296296256 
7.784575645756418 
7.784852941176432 
7.785128205128167 
7.785401459853977 
7.785672727272691 
7.785942028985471 
7.786209386281553 
7.78647482014385 
7.786738351254446 
7.786999999999966 
7.787259786476835 
7.787517730496422 
7.787773851590074 
7.788028169014053 
7.788280701754355 
7.788531468531438 
7.788780487804848 
7.789027777777749 
7.789273356401355 
7.789517241379282 
7.789759450171794 
7.789999999999973 
7.790238907849803 
7.790476190476165 
7.790711864406754 
7.790945945945921 
7.791178451178427 
7.7914093959731305 
7.791638795986598 
7.791866666666643 
7.7920930232557915 
7.7923178807946805 
7.792541254125391 
7.792763157894716 
7.792983606557357 
7.793202614379065 
7.79342019543972 
7.793636363636344 
7.793851132686066 
7.794064516129014 
7.7942765273311725 
7.794487179487162 
7.794696485622986 
7.79490445859871 
7.795111111111096 
7.795316455696187 
7.795520504731846 
7.795723270440237 
7.795924764890268 
7.796124999999987 
7.796323987538928 
7.796521739130422 
7.796718266253857 
7.796913580246902 
7.797107692307681 
7.797300613496922 
7.797492354740051 
7.797682926829258 
7.797872340425522 
7.798060606060597 
7.798247734138964 
7.798433734939751 
7.798618618618611 
7.798802395209573 
7.7989850746268585 
7.79916666666666 
7.799347181008896 
7.7995266272189285 
7.799705014749257 
7.799882352941172 
7.800058651026388 
7.800233918128651 
7.800408163265302 
7.800581395348834 
7.8007536231884025 
7.800924855491327 
7.801095100864551 
7.801264367816089 
7.801432664756446 
7.801599999999999 
7.801766381766381 
7.801931818181817 
7.802096317280453 
7.80225988700565 
7.802422535211268 
7.802584269662922 
7.802745098039217 
7.802905027932963 
7.80306406685237 
7.8032222222222245 
7.803379501385044 
7.8035359116022125 
7.8036914600550995 
7.803846153846157 
7.804000000000004 
7.804153005464485 
7.804305177111721 
7.8044565217391355 
7.8046070460704655 
7.804756756756762 
7.804905660377364 
7.805053763440866 
7.805201072386065 
7.805347593582894 
7.805493333333341 
7.805638297872348 
7.805782493368708 
7.805925925925934 
7.806068601583122 
7.806210526315798 
7.806351706036755 
7.806492146596868 
7.806631853785911 
7.806770833333343 
7.806909090909101 
7.807046632124363 
7.80718346253231 
7.807319587628877 
7.807455012853482 
7.807589743589755 
7.807723785166252 
7.807857142857155 
7.807989821882964 
7.80812182741118 
7.808253164556975 
7.808383838383852 
7.808513853904296 
7.808643216080416 
7.808771929824576 
7.808900000000015 
7.809027431421462 
7.8091542288557365 
7.809280397022348 
7.8094059405940754 
7.809530864197547 
7.80965517241381 
7.809778869778887 
7.80990196078433 
7.810024449877767 
7.810146341463432 
7.810267639902694 
7.810388349514581 
7.810508474576289 
7.81062801932369 
7.810746987951826 
7.810865384615403 
7.810983213429276 
7.811100478468919 
7.811217183770903 
7.811333333333353 
7.81144893111641 
7.811563981042674 
7.811678486997657 
7.811792452830209 
7.811905882352963 
7.812018779342744 
7.812131147541005 
7.8122429906542274 
7.812354312354334 
7.812465116279093 
7.812575406032505 
7.812685185185209 
7.81279445727485 
7.812903225806475 
7.813011494252898 
7.81311926605507 
7.81322654462245 
7.8133333333333574 
7.813439635535333 
7.813545454545479 
7.813650793650819 
7.813755656108623 
7.813860045146752 
7.81396396396399 
7.814067415730363 
7.81417040358747 
7.814272930648796 
7.814375000000027 
7.814476614699359 
7.814577777777805 
7.814678492239495 
7.814778761061975 
7.814900662251683 
7.815011013215885 
7.815109890109917 
7.81520833333336 
7.815306345733069 
7.815403930131032 
7.815501089324647 
7.815597826086985 
7.815694143167057 
7.815790043290072 
7.815885529157696 
7.815980603448304 
7.816075268817233 
7.816169527897025 
7.816263383297674 
7.816356837606867 
7.816449893390222 
7.816542553191519 
7.816634819532939 
7.8167266949152845 
7.8168181818182125 
7.816909282700453 
7.817000000000031 
7.817090336134485 
7.81718029350108 
7.817269874477019 
7.8173590814196565 
7.817447916666699 
7.817536382536415 
7.817624481327833 
7.8177329192546905 
7.817830578512429 
7.817927835051577 
7.818034979423899 
7.818131416837812 
7.818217213114785 
7.818302658486738 
7.818387755102072 
7.818472505091681 
7.818567073170763 
7.818651115618692 
7.818734817813796 
7.818818181818213 
7.818901209677451 
7.819024144869247 
7.819176706827341 
7.819308617234501 
7.819420000000032 
7.819510978043944 
7.8195916334661675 
7.819671968190887 
7.819751984127016 
7.819831683168349 
7.819911067193709 
7.8199901380670935 
7.820068897637828 
7.820176817288834 
7.820274509803954 
7.820362035225081 
7.820458984375032 
7.820545808966893 
7.820622568093417 
7.820699029126245 
7.8207751937984815 
7.820870406189586 
7.82095559845563 
7.821040462427776 
7.821115384615415 
7.821218809980837 
7.821312260536429 
7.821395793499073 
7.821469465648884 
7.821571428571458 
7.821663498098888 
7.821745730550313 
7.821846590909119 
7.8219376181474765 
7.822018867924556 
7.822090395480253 
7.822161654135365 
7.822232645403402 
7.822303370786542 
7.822373831775725 
7.82244402985077 
7.82251396648047 
7.822583643122699 
7.8226530612245115 
7.822722222222243 
7.82279112754161 
7.822859778597806 
7.8229281767956 
7.822996323529431 
7.823064220183504 
7.8231318681318855 
7.82319926873859 
7.82333029197082 
7.823451730418961 
7.823563636363654 
7.823666061706008 
7.823759057971033 
7.823842676311049 
7.823916967509043 
7.823981981981999 
7.824046762589944 
7.8241113105924756 
7.824175627240159 
7.824239713774612 
7.824303571428586 
7.824367201426038 
7.824430604982219 
7.824493783303742 
7.824556737588664 
7.82461946902656 
7.824681978798597 
7.824744268077612 
7.8248063380281785 
7.824868189806687 
7.824929824561411 
7.8249912434325815 
7.825052447552454 
7.825113438045381 
7.8251742160278805 
7.8252347826087005 
7.825295138888894 
7.825355285961876 
7.825415224913498 
7.82547495682211 
7.825534482758623 
7.825593803786576 
7.8256529209622006 
7.825711835334477 
7.825770547945205 
7.82582905982906 
7.825887372013651 
7.82594548551959 
7.826003401360542 
7.826061120543291 
7.826118644067793 
7.826175972927238 
7.826233108108104 
7.826290050590214 
7.826346801346796 
7.826403361344532 
7.8264597315436175 
7.826515912897816 
7.826571906354507 
7.82662771285475 
7.8266833333333246 
7.826738768718792 
7.826794019933545 
7.826849087893854 
7.826903973509923 
7.826958677685939 
7.82701320132012 
7.827067545304765 
7.827121710526303 
7.827175697865339 
7.827229508196707 
7.827283142389511 
7.827336601307175 
7.827389885807489 
7.827442996742655 
7.827495934959333 
7.827548701298684 
7.827601296596417 
7.82765372168283 
7.827705977382857 
7.82775806451611 
7.827809983896921 
7.827861736334385 
7.827913322632403 
7.827964743589723 
7.8280159999999785 
7.828067092651735 
7.8281180223285265 
7.8281687898088945 
7.828219395866431 
7.828269841269817 
7.8283201267828595 
7.8283702531645325 
7.828420221169011 
7.828470031545716 
7.8285196850393435 
7.82856918238991 
7.828618524332783 
7.828667711598718 
7.8287167449138995 
7.8287656249999715 
7.828814352574073 
7.82886292834888 
7.8289113530326295 
7.828959627329162 
7.8290077519379535 
7.829055727554148 
7.829103554868593 
7.829151234567869 
7.8291987673343275 
7.82924615384612 
7.829293394777232 
7.829340490797512 
7.829387442572707 
7.829434250764491 
7.829480916030499 
7.829527439024354 
7.8295738203957015 
7.829620060790237 
7.829666160849735 
7.829712121212084 
7.829757942511308 
7.829803625377605 
7.829849170437367 
7.829894578313214 
7.8299398496240205 
7.829984984984945 
7.830029985007456 
7.8300748502993605 
7.830119581464832 
7.830164179104435 
7.830208643815158 
7.830252976190433 
7.830297176820165 
7.830341246290757 
7.830385185185141 
7.830428994082796 
7.830472673559778 
7.830516224188745 
7.830559646538982 
7.830602941176425 
7.830646108663683 
7.830689149560071 
7.830732064421622 
7.830774853801122 
7.830817518248127 
7.830860058308989 
7.830902474526879 
7.830944767441811 
7.830986937590661 
7.831028985507196 
7.831070911722091 
7.831112716762955 
7.8311544011543495 
7.831195965417815 
7.83123741007189 
7.831278735632131 
7.831319942611138 
7.831361031518571 
7.831402002861177 
7.831442857142803 
7.831483594864425 
7.831524216524161 
7.831564722617299 
7.831605113636308 
7.831645390070865 
7.831685552407875 
7.831725601131485 
7.831765536723107 
7.831805359661438 
7.831845070422477 
7.831884669479548 
7.831924157303312 
7.831963534361792 
7.832002801120389 
7.832041958041898 
7.832081005586532 
7.832119944211934 
7.832158774373198 
7.832197496522887 
7.832236111111049 
7.832274618585236 
7.8323130193905195 
7.832351313969508 
7.832389502762368 
7.832427586206832 
7.832465564738228 
7.832503438789482 
7.832541208791144 
7.832578875171403 
7.832616438356099 
7.832653898768744 
7.832691256830535 
7.83272851296037 
7.832765667574865 
7.832802721088368 
7.832839673912976 
7.8328765264585485 
7.832913279132723 
7.832949932340933 
7.832986486486417 
7.833022941970241 
7.833059299191305 
7.833095558546363 
7.833131720430037 
7.833167785234829 
7.833203753351135 
7.8332396251672645 
7.8332754010694465 
7.833311081441851 
7.8333466666665945 
7.833382157123762 
7.833417553191416 
7.833452855245611 
7.833488063660404 
7.833523178807873 
7.833558201058127 
7.833593130779318 
7.833627968337655 
7.8336627140974215 
7.833697368420977 
7.833731931668781 
7.833766404199398 
7.833800786369517 
7.833835078533954 
7.833869281045674 
7.833903394255797 
7.833937418513612 
7.8339713541665885 
7.834005201560389 
7.834038961038882 
7.834072632944149 
7.8341062176165 
7.834139715394486 
7.834173126614907 
7.834206451612823 
7.834239690721568 
7.834272844272763 
7.834305912596319 
7.834338896020458 
7.834371794871712 
7.83440460947495 
7.83443734015337 
7.834469987228525 
7.834502551020325 
7.83453503184705 
7.834567430025361 
7.834599745870309 
7.834631979695347 
7.834664131812335 
7.8346962025315605 
7.834728192161735 
7.834760101010015 
7.834791929382007 
7.8348236775817774 
7.834855345911863 
7.834886934673279 
7.834918444165534 
7.834949874686629 
7.8349812265330785 
7.835012499999912 
7.835043695380685 
7.835074812967492 
7.835105853050969 
7.8351368159203085 
7.835167701863264 
7.835198511166163 
7.835229244113912 
7.835259900990009 
7.835290482076546 
7.83532098765423 
7.835351418002374 
7.835381773398923 
7.835412054120449 
7.835442260442168 
7.835472392637944 
7.835502450980299 
7.83553243574042 
7.83556234718817 
7.835592185592092 
7.835621951219418 
7.835651644336081 
7.835681265206718 
7.83571081409468 
7.835740291262041 
7.835769696969601 
7.835799031476902 
7.8358282950422256 
7.835857487922609 
7.835886610373848 
7.835915662650505 
7.835944645005919 
7.83597355769221 
7.836002400960286 
7.836031175059854 
7.836059880239422 
7.836088516746313 
7.836117084826664 
7.836145584725438 
7.836174016686432 
7.836202380952281 
7.836230677764466 
7.83625890736332 
7.836287069988037 
7.836315165876677 
7.836343195266171 
7.836371158392334 
7.836399055489863 
7.836426886792351 
7.8364546525322885 
7.836482352941074 
7.836509988249016 
7.836537558685343 
7.836565064478209 
7.836592505854697 
7.836619883040832 
7.836647196261578 
7.836674445740853 
7.836701631701527 
7.836728754365437 
7.836755813953383 
7.836782810685144 
7.836809744779477 
7.836836616454123 
7.83686342592582 
7.836890173410298 
7.8369168591222955 
7.836943483275556 
7.836970046082842 
7.836996547755934 
7.837022988505639 
7.837049368541798 
7.837075688073286 
7.837101947308025 
7.83712814645298 
7.837154285714177 
7.837180365296694 
7.83720638540468 
7.837232346241348 
7.837258248008991 
7.837284090908981 
7.837309875141774 
7.837335600906919 
7.83736126840306 
7.837386877827943 
7.8374124293784195 
7.8374379232504525 
7.837463359639122 
7.837488738738626 
7.837514060742295 
7.837539325842584 
7.837564534231088 
7.837589686098542 
7.837614781634825 
7.8376398210289695 
7.83766480446916 
7.837689732142743 
7.837714604236229 
7.837739420935297 
7.837764182424801 
7.837788888888774 
7.837813540510429 
7.837838137472168 
7.837862679955587 
7.837887168141477 
7.837911602209829 
7.83793598233984 
7.837960308709916 
7.837984581497681 
7.838008800879971 
7.8380329670328495 
7.838057080131606 
7.838081140350759 
7.838105147864066 
7.838129102844521 
7.838153005464362 
7.838176855895078 
7.838200654307405 
7.838224400871341 
7.838248095756137 
7.838271739130315 
7.838295331161661 
7.838318872017234 
7.8383423618633685 
7.83836580086568 
7.838389189189068 
7.838412526997719 
7.838435814455111 
7.8384590517240165 
7.838482238966509 
7.8385053763439645 
7.838528464017064 
7.8385515021458 
7.8385744908894806 
7.83859743040673 
7.838620320855492 
7.838643162393039 
7.838665955175971 
7.838688699360217 
7.838711395101048 
7.838734042553067 
7.838756641870226 
7.83877919320582 
7.838801696712495 
7.838824152542248 
7.838846560846436 
7.838868921775774 
7.8388912354803395 
7.838913502109579 
7.838935721812308 
7.838957894736716 
7.838980021030368 
7.83900210084021 
7.83902413431257 
7.839046121593165 
7.839068062827098 
7.839089958158868 
7.83911180773237 
7.839133611690895 
7.83915537017714 
7.8391770833332055 
7.8391987513006 
7.839220374220246 
7.839241952232477 
7.8392634854770495 
7.839284974093135 
7.839306418219333 
7.839327817993666 
7.839349173553589 
7.83937048503599 
7.839391752577189 
7.839412976312949 
7.83943415637847 
7.8394552929084 
7.8394763860368295 
7.839497435897305 
7.839518442622819 
7.839539406345826 
7.839560327198232 
7.8395812053114105 
7.839602040816194 
7.839622833842885 
7.839643584521252 
7.8396642929805385 
7.83968495934946 
7.839705583756212 
7.839726166328467 
7.839746707193382 
7.839767206477599 
7.839787664307247 
7.839808080807947 
7.83982845610481 
7.839848790322446 
7.8398690835849605 
7.839889336015961 
7.839909547738558 
7.839929718875367 
7.8399498495485105 
7.839969939879624 
7.839989989989854 
7.840009999999864 
7.840029970029834 
7.840049900199464 
7.840069790627979 
7.840089641434126 
7.840109452736181 
7.8401292246519505 
7.84014895729877 
7.840168650793513 
7.840188305252587 
7.840207920791941 
7.840227497527063 
7.840247035572984 
7.840266535044284 
7.840285996055088 
7.840305418719073 
7.840324803149467 
7.840344149459054 
7.840363457760175 
7.840382728164728 
7.840401960784174 
7.840421155729537 
7.840440313111405 
7.840459433039937 
7.840478515624859 
7.840497560975469 
7.840516569200639 
7.840535540408817 
7.840554474708029 
7.840573372205884 
7.840592233009567 
7.8406110572258525 
7.840629844961098 
7.840648596321252 
7.84066731141185 
7.840685990338022 
7.84070463320449 
7.840723240115575 
7.840741811175194 
7.840760346486864 
7.840778846153703 
7.840797310278434 
7.8408157389633875 
7.840834132310499 
7.8408524904213115 
7.840870813396986 
7.8408891013382895 
7.840907354345608 
7.840925572518943 
7.840943755957914 
7.840961904761764 
7.840980019029356 
7.840998098859177 
7.841016144349339 
7.841034155597586 
7.841052132701285 
7.84107007575744 
7.841087984862684 
7.841105860113287 
7.841123701605154 
7.841141509433829 
7.841159283694495 
7.841177024481977 
7.841194731890743 
7.841212406014907 
7.841230046948227 
7.841247654784111 
7.841265229615616 
7.841282771535453 
7.8413002806359815 
7.841317757009219 
7.8413352007468395 
7.841352611940173 
7.841369990680211 
7.841387337057604 
7.841404651162668 
7.841421933085379 
7.841439182915384 
7.841456400741993 
7.841473586654189 
7.84149074074062 
7.841507863089612 
7.84152495378916 
7.841542012926936 
7.841559040590289 
7.841576036866242 
7.841593001841504 
7.8416099356024604 
7.841626838235179 
7.841643709825414 
7.841660550458602 
7.841677360219869 
7.8416941391940265 
7.841710887465579 
7.841727605118719 
7.841744292237332 
7.841760948905 
7.841777575204996 
7.841794171220292 
7.841810737033559 
7.841827272727166 
7.841843778383181 
7.841860254083379 
7.841876699909233 
7.841893115941924 
7.8419095022623395 
7.841925858951072 
7.841942186088424 
7.841958483754411 
7.8419747520287535 
7.84199099099089 
7.842007200719972 
7.842023381294864 
7.842039532794151 
7.842055655296131 
7.842071748878825 
7.842087813619974 
7.842103849597039 
7.842119856887202 
7.842135835567375 
7.842151785714191 
7.842167707404009 
7.842183600712919 
7.842199465716737 
7.84221530249101 
7.842231111111019 
7.842246891651774 
7.842262644188019 
7.842278368794236 
7.842294065544641 
7.842309734513186 
7.842325375773563 
7.842340989399205 
7.842356575463285 
7.8423721340387145 
7.842387665198152 
7.842403169013999 
7.842418645558403 
7.842434094903255 
7.8424495171201976 
7.842464912280619 
7.842480280455658 
7.842495621716205 
7.842510936132902 
7.842526223776143 
7.842541484716077 
7.842556719022608 
7.842571926765396 
7.842587108013859 
7.842602262837172 
7.8426173913042705 
7.84263249348385 
7.8426475694443685 
7.842662619254044 
7.842677642980861 
7.842692640692566 
7.842707612456674 
7.842722558340463 
7.842737478410981 
7.8427523727350446 
7.842767241379239 
7.8427820844099205 
7.842796901893217 
7.842811693895029 
7.842826460481031 
7.842841201716669 
7.84285591766717 
7.842870608397533 
7.842885273972535 
7.842899914456734 
7.842914529914464 
7.84292912040984 
7.842943686006761 
7.842962489343498 
7.842977001703513 
7.842991489361638 
7.843005952380889 
7.843028887000787 
7.843047538200277 
7.843061916878648 
7.843076271186379 
7.8430906011853745 
7.8431049069373335 
7.843119188503744 
7.8431418918918325 
7.843160337552683 
7.843174536256265 
7.843188711036167 
7.843202861952804 
7.843216989066385 
7.843231092436918 
7.843245172124209 
7.843259228187864 
7.843273260687288 
7.843287269681688 
7.843301255230071 
7.84331521739125 
7.84332915622384 
7.843343071786258 
7.843356964136729 
7.843370833333282 
7.843384679433754 
7.8433985024957895 
7.843412302576842 
7.84343023255809 
7.843452282157627 
7.843470149253682 
7.843483844241873 
7.843497516556243 
7.8435111662530534 
7.843528925619787 
7.843542526837277 
7.843556105610514 
7.843569661995007 
7.843583196046082 
7.843596707818884 
7.843626644736796 
7.84366885784712 
7.843702791461367 
7.843744872846551 
7.843774590163889 
7.843796068796024 
7.843813420621886 
7.8438266557644685 
7.843839869281002 
7.8438571428570985 
7.843870309951017 
7.843883455582679 
7.843896579804517 
7.843909682668794 
7.8439227642276 
7.843935824532859 
7.843948863636323 
7.843961881589578 
7.843974878444045 
7.843987854250973 
7.84400080906145 
7.844013742926397 
7.8440266558965694 
7.844039548022562 
7.844052419354802 
7.844065269943558 
7.844078099838934 
7.844090909090874 
7.844103697749161 
7.8441164658634195 
7.844129213483113 
7.844141940657545 
7.8441546474358645 
7.844167333867062 
7.844179999999969 
7.844192645883262 
7.844205271565465 
7.844217877094942 
7.844230462519906 
7.8442430278884165 
7.844255573248379 
7.844268098647546 
7.844280604133518 
7.844293089753745 
7.844305555555529 
7.844318001586016 
7.844330427892209 
7.8443428345209565 
7.8443552215189625 
7.844367588932782 
7.8443799368088225 
7.844392265193346 
7.8444045741324695 
7.84441686367216 
7.844429133858245 
7.844441384736406 
7.8444536163521805 
7.844465828750962 
7.844478021978002 
7.844490196078412 
7.84450235109716 
7.844514487079073 
7.8445266040688395 
7.844538702111007 
7.844550781249983 
7.8445628415300375 
7.844574882995303 
7.8445869056897735 
7.844598909657305 
7.844610894941619 
7.844622861586299 
7.844634809634796 
7.844646739130421 
7.844658650116356 
7.8446705426356464 
7.844682416731204 
7.844694272445809 
7.844706109822107 
7.844717928902616 
7.844745173745162 
7.844768518518507 
7.844787972243628 
7.844803543913702 
7.8448152424942155 
7.844826923076913 
7.844838585703296 
7.844850230414737 
7.844861857252486 
7.844873466257661 
7.844885057471257 
7.844896630934143 
7.8449081866870625 
7.8449197247706355 
7.844931245225357 
7.844942748091597 
7.844954233409606 
7.8449657012195075 
7.844977151561306 
7.844988584474882 
7.844999999999997 
7.845011398176289 
7.845022779043278 
7.845034142640362 
7.8450454890068215 
7.845056818181817 
7.84506813020439 
7.845079425113465 
7.845090702947846 
7.845101963746224 
7.845113207547171 
7.845124434389142 
7.845135644310477 
7.8451468373494 
7.845158013544021 
7.8451691729323345 
7.84518031555222 
7.845191441441446 
7.845202550637664 
7.845213643178416 
7.845224719101129 
7.8452357784431195 
7.845272999252063 
7.8453064275037425 
7.845336071695301 
7.845361940298512 
7.845384041759886 
7.845402384500751 
7.845416976917355 
7.845427827380958 
7.845438661710044 
7.845449479940572 
7.845460282108396 
7.845471068249266 
7.845481838398822 
7.845492592592601 
7.845503330866034 
7.845514053254448 
7.845524759793062 
7.845535450516997 
7.845546125461265 
7.845556784660778 
7.845567428150344 
7.845578055964666 
7.845588668138349 
7.845599264705895 
7.845609845701703 
7.8456204111600725 
7.8456309611152015 
7.845641495601187 
7.84565201465203 
7.845662518301626 
7.845673006583776 
7.84568347953218 
7.845693937180441 
7.8457043795620605 
7.845714806710448 
7.84572521865891 
7.84573561544066 
7.845745997088811 
7.845756363636383 
7.845766715116299 
7.845777051561385 
7.845787373004375 
7.845797679477903 
7.845807971014514 
7.845818247646655 
7.845828509406679 
7.845838756326848 
7.845848988439329 
7.845859205776197 
7.845869408369432 
7.845879596250925 
7.845889769452474 
7.845899928005784 
7.8459100719424715 
7.845920201294058 
7.84593031609198 
7.845940416367578 
7.845950502152107 
7.84596057347673 
7.845970630372521 
7.845980672870465 
7.845990701001459 
7.846000714796312 
7.846010714285743 
7.846020699500387 
7.846030670470786 
7.8460406272274 
7.8460505698006004 
7.846060498220671 
7.846070412517813 
7.846080312722136 
7.846090198863669 
7.846100070972353 
7.846109929078048 
7.846119773210522 
7.846129603399468 
7.846139419674486 
7.846149222065098 
7.846159010600742 
7.84616878531077 
7.846178546224453 
7.8461882933709814 
7.846198026779459 
7.84620774647891 
7.846217452498278 
7.846227144866423 
7.846236823612125 
7.846246488764083 
7.846256140350916 
7.846265778401161 
7.846275402943277 
7.846285014005642 
7.846294611616555 
7.846304195804237 
7.846313766596826 
7.8463233240223875 
7.846332868108904 
7.846342398884282 
7.846351916376349 
7.8463614206128565 
7.846370911621477 
7.846380389429807 
7.846389854065367 
7.8463993055556 
7.8464087439278725 
7.8464181692094765 
7.846427581427627 
7.8464369806094645 
7.846446366782053 
7.846455739972384 
7.846465100207372 
7.8464744475138595 
7.846483781918613 
7.846493103448324 
7.846502412129614 
7.84651170798903 
7.846520991053043 
7.846530261348056 
7.846539518900394 
7.8465487637363145 
7.846557995882 
7.846567215363563 
7.846576422207042 
7.846585616438408 
7.846594798083557 
7.846603967168315 
7.8466131237184396 
7.846622267759616 
7.8466313993174595 
7.846640518417517 
7.846649625085262 
7.846658719346104 
7.8466678012253785 
7.846676870748355 
7.846685927940233 
7.8466949728261435 
7.84670400543115 
7.846713025780247 
7.846722033898362 
7.846731029810356 
7.8467400135410195 
7.846748985115079 
7.846757944557192 
7.846766891891951 
7.846775827143881 
7.8467847503374415 
7.846793661497026 
7.846802560646961 
7.8468114478115085 
7.846820323014866 
7.846829186281164 
7.846838037634471 
7.846846877098786 
7.846855704698049 
7.8468645204561325 
7.846873324396846 
7.846882116543935 
7.8468908969210815 
7.846899665551904 
7.846908422459958 
7.846917167668736 
7.846925901201668 
7.84693462308212 
7.8469433333333996 
7.846952031978748 
7.846960719041345 
7.8469693945443115 
7.846978058510706 
7.846986710963523 
7.846995351925699 
7.847003981420109 
7.847012599469565 
7.847021206096822 
7.847029801324573 
7.84703838517545 
7.847046957672028 
7.847055518836819 
7.847064068692277 
7.847072607260797 
7.847081134564715 
7.847089650626308 
7.847098155467793 
7.84710664911133 
7.84711513157902 
7.847123602892907 
7.847132063074975 
7.847140512147152 
7.847148950131308 
7.847157377049255 
7.847165792922748 
7.847174197773487 
7.847182591623112 
7.847190974493208 
7.847199346405305 
7.847207707380873 
7.84721605744133 
7.847224396608035 
7.847232724902294 
7.847241042345355 
7.847249348958411 
7.847257644762603 
7.847265929779012 
7.847274204028669 
7.847282467532547 
7.847290720311566 
7.847298962386591 
7.847307193778434 
7.847315414507853 
7.847323624595551 
7.847331824062177 
7.84734001292833 
7.847348191214552 
7.847356358941335 
7.847364516129115 
7.847372662798278 
7.847380798969155 
7.847388924662028 
7.847397039897124 
7.847405144694618 
7.847413239074635 
7.8474213230572465 
7.847429396662473 
7.847437459910284 
7.847445512820599 
7.847453555413283 
7.847461587708153 
7.847469609724975 
7.847477621483463 
7.847485623003283 
7.847493614304047 
7.847501595405321 
7.847509566326619 
7.847517527087406 
7.847525477707095 
7.847533418205054 
7.847541348600599 
7.847549268912995 
7.847557179161463 
7.84756507936517 
7.847572969543238 
7.847580849714739 
7.847588719898697 
7.847596580114088 
7.847604430379839 
7.84761227071483 
7.847620101137893 
7.847627921667812 
7.847635732323326 
7.847643533123122 
7.847651324085844 
7.847659105230088 
7.847666876574402 
7.847674638137288 
7.847682389937202 
7.847690131992553 
7.847697864321704 
7.847705586942971 
7.847713299874626 
7.847721003134893 
7.847728696741952 
7.847736380713936 
7.847744055068934 
7.847751719824989 
7.8477593750000985 
7.847767020612216 
7.84777465667925 
7.847782283219064 
7.847789900249476 
7.847797507788262 
7.847805105853151 
7.8478126944618305 
7.847820273631942 
7.847827843381083 
7.847835403726809 
7.847842954686632 
7.847850496278017 
7.847858028518391 
7.847865551425134 
7.847873065015583 
7.8478805693070335 
7.847888064316739 
7.847895550061908 
7.847903026559709 
7.847910493827265 
7.8479179518816595 
7.847925400739932 
7.847932840419082 
7.847940270936066 
7.847947692307798 
7.8479551045511515 
7.847962507682958 
7.847969901720008 
7.847977286679051 
7.847984662576795 
7.847992029429905 
7.84799938725501 
7.848006736068694 
7.848014075887502 
7.848021406727938 
7.848028728606466 
7.848036041539511 
7.848043345543455 
7.848050640634643 
7.848057926829378 
7.848065204143925 
7.848072472594508 
7.848079732197311 
7.848086982968481 
7.8480942249241235 
7.848101458080306 
7.848108682453057 
7.8481158980583645 
7.8481231049121805 
7.848130303030416 
7.848137492428944 
7.8481446731236 
7.848151845130181 
7.848159008464443 
7.848166163142109 
7.848173309178859 
7.848180446590338 
7.848187575392154 
7.848194695599874 
7.848201807229032 
7.848208910295119 
7.848216004813594 
7.848223090799876 
7.848230168269348 
7.848237237237354 
7.848244297719205 
7.848251349730171 
7.84825839328549 
7.848265428400358 
7.848272455089939 
7.848279473369359 
7.848286483253708 
7.848293484758039 
7.8483004778973715 
7.848307462686687 
7.848314439140932 
7.848321407275016 
7.848328367103815 
7.84833531864217 
7.848342261904883 
7.8483491969067245 
7.848356123662429 
7.848363042186694 
7.848369952494184 
7.848376854599529 
7.848383748517324 
7.848390634262127 
7.848397511848464 
7.848404381290829 
7.8484112426036745 
7.848418095801425 
7.84842494089847 
7.848431777909162 
7.848438606847823 
7.848445427728739 
7.848452240566163 
7.848459045374316 
7.848465842167382 
7.848472630959514 
7.848479411764832 
7.848486184597423 
7.848492949471337 
7.848499706400597 
7.848506455399189 
7.848513196481067 
7.848519929660152 
7.848526654950334 
7.848533372365469 
7.848543007606916 
7.848549707602468 
7.8485563997663474 
7.848563084112279 
7.8485697606539535 
7.848576429405031 
7.848583090379139 
7.848589743589874 
7.8485963890508 
7.848603026775451 
7.848609656777327 
7.8486162790698994 
7.8486228936666045 
7.848629500580852 
7.848636099826018 
7.848642691415446 
7.848649275362452 
7.848655851680318 
7.848662420382299 
7.848668981481615 
7.848675534991458 
7.8486820809249895 
7.84868861929534 
7.848695150115608 
7.848701673398866 
7.848708189158152 
7.848714697406476 
7.8487211981568175 
7.848727691422128 
7.848734177215326 
7.848740655549303 
7.848747126436918 
7.848753589891004 
7.8487600459243625 
7.848766494549765 
7.848772935779954 
7.848779369627645 
7.848785796105522 
7.848795077275467 
7.848801487414326 
7.8488078902231235 
7.8488142857144245 
7.848820673900767 
7.84882705479466 
7.848833428408582 
7.848839794754986 
7.848846153846294 
7.848852505694901 
7.848858850313174 
7.848865187713452 
7.8488715179080435 
7.848877840909232 
7.848884156729273 
7.848890465380392 
7.8488967668747875 
7.848903061224632 
7.848909348442069 
7.848915628539214 
7.848921901528157 
7.848928167420958 
7.848934426229651 
7.848940677966246 
7.848946922642719 
7.848953160271025 
7.848959390863088 
7.84896561443081 
7.848971830986061 
7.848978040540686 
7.848984243106504 
7.848990438695309 
7.848996627318864 
7.84900280898891 
7.84900898371716 
7.849015151515299 
7.849021312394987 
7.84902746636786 
7.849033613445526 
7.849039753639565 
7.849045886961536 
7.849052013422967 
7.8490581330353635 
7.8490642458102045 
7.849070351758943 
7.849076450893007 
7.849082543223797 
7.849088628762692 
7.849094707521042 
7.849100779510173 
7.849106844741386 
7.849112903225957 
7.849118954975137 
7.849125000000151 
7.8491310383122 
7.8491370699224605 
7.849143094842082 
7.849149113082192 
7.849155124653892 
7.849161129568259 
7.8491671278363455 
7.84917311946918 
7.8491791044777655 
7.849185082873082 
7.849191054666084 
7.849197019867704 
7.849202978488847 
7.849208930540397 
7.849214876033213 
7.849220814978128 
7.849226747385956 
7.849232673267482 
7.849238592633471 
7.849244505494662 
7.849250411861771 
7.849256311745491 
7.849262205156492 
7.84926809210542 
7.849273972602897 
7.849279846659522 
7.849285714285871 
7.849291575492499 
7.849297430289933 
7.849303278688683 
7.84930912069923 
7.849314956332036 
7.84932078559754 
7.849326608506157 
7.84933242506828 
7.849338235294277 
7.849344039194499 
7.849349836779268 
7.849355628058888 
7.849361413043638 
7.849367191743778 
7.849372964169542 
7.849378730331144 
7.849384490238773 
7.849390243902601 
7.849395991332773 
7.849401732539415 
7.84940746753263 
7.849413196322499 
7.849418918919082 
7.849424635332416 
7.849430345572517 
7.849436049649381 
7.849441747572979 
7.849447439353264 
7.8494531250001645 
7.849458804523589 
7.849464477933426 
7.849470145239541 
7.849475806451778 
7.849481461579961 
7.849487110633893 
7.8494927536233545 
7.8494983905581055 
7.8495040214478875 
7.849509646302417 
7.8495152651313935 
7.849520877944492 
7.849526484751371 
7.849532085561664 
7.849537680384988 
7.849543269230937 
7.849548852109084 
7.849554429028983 
7.849560000000168 
7.849565565032152 
7.8495711241344255 
7.849576677316463 
7.849582224587716 
7.849587765957616 
7.8495933014355765 
7.849598831030988 
7.8496043547532235 
7.8496098726116355 
7.849615384615555 
7.849620890774296 
7.84962639109715 
7.849631885593392 
7.849637374272273 
7.849642857143029 
7.849650978318522 
7.849656448203132 
7.849661912308677 
7.849672650475357 
7.849680738786452 
7.849686181434771 
7.849691618344927 
7.8496970495259895 
7.849702474987008 
7.849707894737016 
7.849713308785024 
7.849718717140027 
7.849729374671745 
7.849737394958157 
7.84974540682432 
7.849750786988631 
7.849756161510399 
7.849761530398497 
7.849766893661777 
7.849790575916405 
7.849811616954648 
7.849830020920677 
7.84984579194999 
7.849858934169452 
7.849869451697302 
7.84987734864318 
7.849882629108155 
7.84988790406691 
7.849893173528053 
7.849898437500174 
7.849903695991846 
7.849908949011621 
7.8499141965680375 
7.849924636174811 
7.849932467532643 
7.849937694704225 
7.849942916450617 
7.849948132780259 
7.849953343701576 
7.849958549222975 
7.849963749352844 
7.8499689440995555 
7.849974133471465 
7.849979317476909 
7.8499844961242085 
7.8499896694216655 
7.849994837377565 
7.850000000000178 
7.850005157297754 
7.850010309278529 
7.85001545595072 
7.850020597322527 
7.850025733402135 
7.85003086419771 
7.850035989717403 
7.8500411099693475 
7.850046224961659 
7.850051334702439 
7.850056439199769 
7.850061538461719 
7.850066632496336 
7.850071721311656 
7.8500768049156955 
7.850081883316456 
7.8500869565219205 
7.850092024540059 
7.850097087378822 
7.850102145046147 
7.850107197549953 
7.850112244898142 
7.850117287098602 
7.850122324159204 
7.850127356087804 
7.85013238289224 
7.8501374045803365 
7.850142421159899 
7.85014743263872 
7.8501524390245745 
7.850157440325223 
7.850162436548408 
7.850167427701859 
7.850172413793288 
7.850177394830393 
7.850182370820854 
7.850187341772338 
7.8501923076924935 
7.850197268588957 
7.850202224469347 
7.850207175341268 
7.850212121212308 
7.85021706209004 
7.850221997982024 
7.8502269288957995 
7.850231854838897 
7.850236775818828 
7.850241691843088 
7.850246602919161 
7.850251509054514 
7.850256410256598 
7.850261306532852 
7.850266197890696 
7.850271084337538 
7.850275965880771 
7.850280842527772 
7.850285714285904 
7.850290581162515 
7.850295443164937 
7.85030030030049 
7.850305152576478 
7.85031000000019 
7.850314842578901 
7.850319680319871 
7.850324513230346 
7.850329341317557 
7.850334164588721 
7.8503389830510395 
7.850343796711702 
7.8503486055778815 
7.850353409656738 
7.8503582089554165 
7.850363003481048 
7.85036779324075 
7.850372578241624 
7.85037735849076 
7.850382133995231 
7.850386904762098 
7.850391670798409 
7.850396432111195 
7.850401188707475 
7.8504059405942535 
7.850410687778522 
7.850415430267257 
7.850420168067422 
7.850424901185966 
7.850429629629825 
7.850434353405921 
7.850439072521163 
7.850443786982445 
7.8504484967966475 
7.850453201970639 
7.850457902511275 
7.850462598425393 
7.850467289719823 
7.850471976401377 
7.850476658476856 
7.850481335953046 
7.850486008836722 
7.850490677134643 
7.850495340853557 
7.850500000000198 
7.850504654581286 
7.850509304603529 
7.85051395007362 
7.850518590998242 
7.850523227384063 
7.850527859237736 
7.850532486565905 
7.8505371093752 
7.850541727672235 
7.850546341463614 
7.850550950755929 
7.850555555555756 
7.85056015586966 
7.850564751704193 
7.850569343065895 
7.850573929961292 
7.850578512396896 
7.850583090379211 
7.850587663914724 
7.850592233009912 
7.850596797671236 
7.85060135790515 
7.8506059137180895 
7.850610465116483 
7.850615012106741 
7.850619554695267 
7.850624092888448 
7.850628626692661 
7.850633156114269 
7.850637681159625 
7.8506422018350674 
7.8506467181469235 
7.850651230101508 
7.850655737705123 
7.850660240964061 
7.850664739884599 
7.850669234473004 
7.850673724735528 
7.850678210678417 
7.850682692307899 
7.850687169630192 
7.850691642651504 
7.850696111378028 
7.850700575815946 
7.850705035971431 
7.850709491850639 
7.850713943459718 
7.850718390804805 
7.850722833892021 
7.85072727272748 
7.850731707317281 
7.8507361376675115 
7.85074056378425 
7.85074498567356 
7.850749403341497 
7.850753816794102 
7.850758226037405 
7.8507626310774254 
7.850767031920171 
7.850771428571638 
7.850775821037811 
7.850780209324663 
7.8507845934381555 
7.85078897338424 
7.850793349168856 
7.850797720797931 
7.850802088277382 
7.8508064516131135 
7.850810810811022 
7.8508151658769885 
7.850819516816886 
7.850823863636575 
7.850828206341905 
7.850832544938717 
7.850836879432836 
7.8508412098300795 
7.850845536136254 
7.850849858357153 
7.850854176498561 
7.85085849056625 
7.8508628005659835 
7.850867106503512 
7.850871408384575 
7.850875706214903 
7.850880000000213 
7.850884289746215 
7.850888575458606 
7.850892857143071 
7.850897134805287 
7.850901408450919 
7.850905678085621 
7.8509099437150365 
7.8509142053448 
7.850918462980534 
7.85092271662785 
7.85092696629235 
7.850931211979626 
7.850935453695258 
7.850939691444816 
7.850943925233861 
7.850948155067941 
7.850952380952597 
7.8509566028933575 
7.8509608208957395 
7.8509650349652516 
7.850969245107393 
7.850973451327651 
7.850977653631502 
7.850981852024415 
7.850986046511846 
7.850990237099242 
7.85099442379204 
7.850998606595667 
7.851002785515539 
7.851006960557063 
7.851011131725636 
7.851015299026645 
7.851019462465465 
7.851023622047464 
7.851027777777997 
7.851031929662413 
7.8510360777060475 
7.851040221914229 
7.851044362292272 
7.851048498845486 
7.851052631579168 
7.851056760498605 
7.851060885609077 
7.85106500691585 
7.851069124424185 
7.851073238139327 
7.85107734806652 
7.85108145421099 
7.851085556577959 
7.851089655172636 
7.8510937500002225 
7.851097841065909 
7.851101928374878 
7.851106011932302 
7.851110091743342 
7.851114167813153 
7.851118240146878 
7.851122308749651 
7.851126373626597 
7.851130434782832 
7.851134492223463 
7.851138545953585 
7.851142595978287 
7.851146642302646 
7.851150684931731 
7.851154723870604 
7.851158759124313 
7.8511627906979 
7.851166818596396 
7.851170842824827 
7.851174863388204 
7.851178880291532 
7.851182893539807 
7.851186903138016 
7.851190909091136 
7.851194911404134 
7.85119891008197 
7.851202905129596 
7.851206896551951 
7.851210884353969 
7.851214868540572 
7.851218849116675 
7.8512228260871835 
7.851226799456995 
7.851230769230997 
7.851234735414068 
7.851238698011078 
7.851242657026889 
7.851246612466353 
7.851250564334315 
7.851254512635608 
7.851258457375059 
7.851262398557488 
7.851266336187701 
7.8512702702705 
7.851274200810675 
7.851278127813011 
7.851282051282281 
7.851285971223252 
7.85128988764068 
7.851293800539314 
7.8512977099238945 
7.851301615799153 
7.851305518169814 
7.851309417040589 
7.851313312416188 
7.851317204301306 
7.851321092700634 
7.8513249776188525 
7.851328859060635 
7.851332737030643 
7.851336611533536 
7.851340482573959 
7.851344350156552 
7.851348214285947 
7.851352074966766 
7.851355932203623 
7.851359786001124 
7.851363636363869 
7.851367483296447 
7.851371326803439 
7.851375166889419 
7.851379003558953 
7.8513828368165965 
7.851386666666901 
7.851390493114406 
7.851394316163645 
7.851398135819142 
7.851401952085417 
7.851405764966976 
7.85140957446832 
7.851413380593944 
7.851417183348331 
7.851420982735959 
7.851424778761298 
7.851428571428807 
7.851432360742941 
7.851436146708146 
7.851439929328858 
7.851443708609508 
7.851447484554517 
7.8514512571683 
7.851455026455263 
7.851458792419805 
7.851462555066316 
7.851466314399181 
7.8514700704227725 
7.85147382314146 
7.851477572559604 
7.851481318681556 
7.851485061511662 
7.8514888010542565 
7.851492537313671 
7.851496270294227 
7.851500000000239 
7.851503726436013 
7.851507449605848 
7.851511169514037 
7.851514886164862 
7.851518599562603 
7.851522309711526 
7.851526016615893 
7.85152972027996 
7.851533420707972 
7.85153711790417 
7.851540811872785 
7.851544502618041 
7.851548190144157 
7.851551874455341 
7.851555555555796 
7.851559233449718 
7.851562908141295 
7.851566579634706 
7.851570247934125 
7.85157391304372 
7.8515775749676475 
7.85158123371006 
7.851584889275101 
7.851588541666909 
7.851592190889614 
7.851595836947337 
7.851599479844196 
7.851603119584298 
7.851606756171746 
7.851610389610633 
7.851614019905046 
7.851617647059067 
7.851621271076768 
7.8516248919622145 
7.8516285097194665 
7.851632124352576 
7.851635735865587 
7.851639344262539 
7.851642949547463 
7.851646551724382 
7.851650150797314 
7.85165374677027 
7.851657339647253 
7.851660929432259 
7.8516645161292775 
7.851668099742292 
7.8516716802752775 
7.851675257732205 
7.8516788321170345 
7.851682403433722 
7.8516859716862175 
7.851689536878462 
7.851693099014391 
7.851696658097933 
7.851700214133009 
7.851703767123534 
7.8517073170734175 
7.85171086398656 
7.851714407866857 
7.851717948718196 
7.851721486544459 
7.851725021349522 
7.851728553137252 
7.851732081911511 
7.851735607676154 
7.851739130435031 
7.851742650191983 
7.851746166950845 
7.8517496807154465 
7.85175319148961 
7.851756699277153 
7.851760204081882 
7.851763705907602 
7.851767204758108 
7.851770700637192 
7.8517741935486365 
7.851777683496219 
7.851781170483711 
7.851784654514875 
7.851788135593471 
7.8517916137232495 
7.851795088907956 
7.8517985611513295 
7.851802030457104 
7.851805496829003 
7.85180896027075 
7.8518124207860565 
7.85181587837863 
7.851819333052172 
7.851822784810378 
7.851826233656936 
7.8518296795955305 
7.851833122629835 
7.851836562763521 
7.851840000000252 
7.851843434343687 
7.851846865797476 
7.851850294365265 
7.851853720050694 
7.851857142857396 
7.851860562788997 
7.85186397984912 
7.851867394041378 
7.851870805369381 
7.851874213836732 
7.851877619447027 
7.851881022203857 
7.851884422110807 
7.851887819171456 
7.851891213389376 
7.851894604768134 
7.851897993311291 
7.851901379022403 
7.851904761905017 
7.851908141962677 
7.85191151919892 
7.851914893617277 
7.851918265221273 
7.851921634014428 
7.851925000000255 
7.851928363182263 
7.851931723563953 
7.85193508114882 
7.851938435940356 
7.851941787942044 
7.851945137157363 
7.851948483589787 
7.8519518272427815 
7.851955168119809 
7.851958506224324 
7.851961841559776 
7.851965174129611 
7.8519685039372655 
7.851971830986173 
7.851975155279761 
7.85197847682145 
7.851981795614656 
7.851985111662789 
7.851988424969254 
7.851991735537449 
7.851995043370767 
7.851998348472596 
7.852001650846318 
7.852004950495308 
7.85200824742294 
7.852011541632576 
7.852014833127577 
7.852024299835515 
7.852031700288443 
7.852037037037296 
7.852040312628807 
7.852043585526576 
7.852046855733922 
7.852050123254163 
7.852053388090609 
7.852056650246565 
7.852059909725332 
7.852063166530203 
7.8520664206644675 
7.8520696721314085 
7.8520729209343045 
7.852076167076428 
7.852079410561047 
7.852082651391423 
7.852085889570813 
7.852089125102469 
7.852092357989636 
7.852095588235556 
7.852098815843463 
7.852102040816589 
7.8521052631581565 
7.852108482871388 
7.8521116999594955 
7.85211491442569 
7.852118126273175 
7.8521213355051485 
7.852124542124805 
7.8521277461353325 
7.852130947539913 
7.852134146341727 
7.852137342543945 
7.852140536149736 
7.852143727162261 
7.8521469155846795 
7.8521501014201425 
7.852153284671797 
7.8521564653427856 
7.852159643436245 
7.852162818955307 
7.852165991903099 
7.852169162282741 
7.8521723300973525 
7.852175495350043 
7.852178658043919 
7.852181818182084 
7.852184975767632 
7.852188130803657 
7.8521912832932435 
7.852194433239475 
7.852197580645427 
7.852200725514171 
7.852203867848775 
7.8522070076523 
7.852210144927803 
7.8522152917507695 
7.852218423170018 
7.852223562525398 
7.852226688103162 
7.852229811169412 
7.852232931727175 
7.852236049779473 
7.852239165329321 
7.852254312074074 
7.852267441860732 
7.852280561122511 
7.8522896634618045 
7.852296756107594 
7.8523018414734445 
7.852304921969054 
7.852308000000266 
7.8523110755700385 
7.852314148681322 
7.8523172193370625 
7.852320287540203 
7.852323353293681 
7.852326416600427 
7.85232947746337 
7.852332535885435 
7.852335591869538 
7.852338645418595 
7.852341696535513 
7.852344745223198 
7.85234779148455 
7.852350835322464 
7.852353876739831 
7.852356915739537 
7.8523599523244645 
7.852362986497488 
7.852366018261484 
7.852369047619317 
7.852372074573851 
7.852377081681475 
7.852380103052192 
7.852383122028796 
7.852386138614132 
7.852389152811038 
7.852392164622351 
7.852395174050903 
7.852398181099519 
7.852401185771021 
7.8524041880682285 
7.852407187993951 
7.852410185551001 
7.8524131807421815 
7.852416173570291 
7.8524191640381265 
7.852422152148478 
7.852425137904133 
7.852428121307873 
7.852431102362477 
7.852434081070717 
7.852437057435362 
7.852440031459179 
7.852443003144926 
7.852445972495361 
7.852448939513234 
7.852451904201294 
7.852454866562282 
7.852457826598939 
7.852460784313998 
7.852463739710191 
7.852466692790242 
7.8524716020370935 
7.85248825371993 
7.852502935421017 
7.852515649452542 
7.852526398123073 
7.852535183737568 
7.852542008597381 
7.852546875000273 
7.852549785240414 
7.852552693208704 
7.852555598907804 
7.852558502340367 
7.852561403509045 
7.852564302416486 
7.85256719906533 
7.852570093458218 
7.852572985597783 
7.8525758754866555 
7.852578763127462 
7.852581648522825 
7.852584531675362 
7.852587412587687 
7.852590291262411 
7.852593167702138 
7.852596041909472 
7.852598913887009 
7.852601783637344 
7.852604651163066 
7.852607516466762 
7.852610379551011 
7.852613240418394 
7.852616099071484 
7.852618955512849 
7.852621809745056 
7.852624661770666 
7.85262751159224 
7.852630359212328 
7.852633204633481 
7.852636047858247 
7.852638888889166 
7.852641727728777 
7.852644564379614 
7.852647398844208 
7.852650231125085 
7.852653061224768 
7.852655889145774 
7.85265871489062 
7.852661538461816 
7.85266435986187 
7.852667179093284 
7.852669996158557 
7.852672811060186 
7.852675623800662 
7.852678434382473 
7.852681242808104 
7.852684049080033 
7.852686853200739 
7.852689655172693 
7.852692454998364 
7.852695252680218 
7.852698048220716 
7.8527008416223145 
7.852703632887469 
7.8527064220186285 
7.852709209018239 
7.852711993888744 
7.852714776632582 
7.852717557252189 
7.852720335749994 
7.852723112128427 
7.85272588638991 
7.852728658536866 
7.852731428571709 
7.852734196496853 
7.852736962314708 
7.852739726027679 
7.852742487638166 
7.852745247148571 
7.852748004561285 
7.852750759878701 
7.852753513103206 
7.8527562642371835 
7.8527590132830145 
7.852761760243074 
7.852764505119736 
7.852767247915369 
7.85276998863234 
7.85277272727301 
7.852775463839738 
7.852778198334877 
7.852780930760782 
7.8527836611197985 
7.8527863894142715 
7.852789115646542 
7.852791839818946 
7.852794561933818 
7.852797281993489 
7.8528000000002836 
7.852802715956527 
7.852805429864537 
7.852808141726632 
7.852810851545122 
7.852813559322318 
7.852816265060525 
7.852818968762046 
7.8528216704291784 
7.852824370064218 
7.852827067669457 
7.852829763247184 
7.852832456799684 
7.852835148329238 
7.8528378378381225 
7.852840525328616 
7.852843210802986 
7.852845894263503 
7.85284857571243 
7.852851255152028 
7.852853932584555 
7.852856608012266 
7.852859281437412 
7.852861952862239 
7.852864622288992 
7.852867289719913 
7.852869955157237 
7.8528726186032 
7.852875280060033 
7.852877939529962 
7.852880597015212 
7.852883252518004 
7.852885906040555 
7.85288855758508 
7.85289120715379 
7.852893854748891 
7.852896500372588 
7.8528991440270834 
7.8529017857145735 
7.852904425437253 
7.852907063197314 
7.852909698996943 
7.852912332838327 
7.852914964723645 
7.852917594655077 
7.852920222634797 
7.852922848664977 
7.852925472747786 
7.852928094885389 
7.852930715079948 
7.852933333333622 
7.852935949648567 
7.852938564026936 
7.852941176470877 
7.852943786982538 
7.852946395564061 
7.852949002217585 
7.852951606945247 
7.852954209749182 
7.852956810631519 
7.852959409594386 
7.852962006639906 
7.852964601770202 
7.852967194987389 
7.852969786293585 
7.852972375690898 
7.852974963181439 
7.8529775487673135 
7.8529801324506225 
7.852982714233465 
7.852985294117938 
7.852987872106135 
7.852990448200145 
7.852993022402054 
7.852995594713948 
7.852998165137906 
7.853000733676007 
7.853003300330325 
7.853005865102931 
7.853008427995895 
7.853010989011281 
7.853013548151153 
7.853016105417569 
7.8530186608125865 
7.853021214338259 
7.853023765996636 
7.853026315789767 
7.853028863719694 
7.85303140978846 
7.853033953998103 
7.853036496350659 
7.853039036848159 
7.853041575492635 
7.853044112286112 
7.853046647230615 
7.853049180328163 
7.8530517115807745 
7.853054240990465 
7.853056768559246 
7.853059294289126 
7.853061818182113 
7.853064340240207 
7.853066860465411 
7.853069378859721 
7.853071895425131 
7.853074410163634 
7.853076923077218 
7.853079434167869 
7.8530819434375685 
7.853084450888298 
7.853086956522034 
7.853089460340752 
7.853091962346421 
7.853094462541012 
7.853096960926489 
7.8530994575048165 
7.853101952277953 
7.8531044452478564 
7.853106936416482 
7.853109425785778 
7.853111913357697 
7.853114399134183 
7.853116883117179 
7.853119365308627 
7.853121845710462 
7.853124324324622 
7.853126801153035 
7.853129276197633 
7.85313174946034 
7.853134220943082 
7.853136690647779 
7.853139158576349 
7.853141624730707 
7.853144089112766 
7.853146551724436 
7.853149012567623 
7.853151471644232 
7.853153928956165 
7.853156384505319 
7.853158838293593 
7.85316129032288 
7.853163740595067 
7.853166189112047 
7.853168635875702 
7.853171080887916 
7.853173524150567 
7.853175965665535 
7.853178405434694 
7.8531808434599135 
7.853183279743065 
7.853185714286014 
7.853188147090624 
7.853190578158758 
7.853193007492273 
7.853195435093024 
7.853197860962867 
7.85320028510365 
7.853202707517222 
7.8532051282054285 
7.853207547170112 
7.853209964413112 
7.8532123799362665 
7.85321479374141 
7.853217205830376 
7.853219616204992 
7.853222024867086 
7.853224431818483 
7.853226837061004 
7.853229240596469 
7.853231642426694 
7.853234042553493 
7.853236440978678 
7.853238837704058 
7.853241232731439 
7.853243626062625 
7.853246017699417 
7.853248407643615 
7.853250795897012 
7.853253182461406 
7.853255567338585 
7.853257950530338 
7.8532603320384515 
7.853262711864709 
7.8532650900108925 
7.853267466478779 
7.853269841270144 
7.853272214386763 
7.853274585830405 
7.853276955602841 
7.853279323705833 
7.853281690141149 
7.853284054910547 
7.853286418015785 
7.853288779458622 
7.8532911392408105 
7.8532934973641 
7.85329585383024 
7.853298208640979 
7.853300561798057 
7.853302913303217 
7.853305263158199 
7.853307611364738 
7.853309957924568 
7.853312302839422 
7.853314646111027 
7.853316987741111 
7.8533193277313975 
7.853321666083609 
7.853324002799465 
7.8533263378806835 
7.853328671328977 
7.853331003146058 
7.853333333333639 
7.853335661893425 
7.853337988827121 
7.853340314136432 
7.853342637823055 
7.853344959888691 
7.853347280335035 
7.853349599163778 
7.853351916376613 
7.853354231975228 
7.85335654596131 
7.853358858336541 
7.8533611691026035 
7.853363478261176 
7.853365785813937 
7.853368091762559 
7.853370396108716 
7.853372698854076 
7.853375000000307 
7.853377299549075 
7.853379597502043 
7.8533818938608695 
7.853384188627214 
7.853386481802734 
7.8533887733890815 
7.853391063387908 
7.853393351800862 
7.853395638629592 
7.8533979238757405 
7.853400207540952 
7.853402489626864 
7.853404770135117 
7.853407049067344 
7.853409326425179 
7.853411602210254 
7.853413876424196 
7.853416149068632 
7.853418420145187 
7.853420689655482 
7.853422957601136 
7.853425223983769 
7.853427488804995 
7.853429752066425 
7.853432013769673 
7.853434273916346 
7.8534365325080495 
7.85343878954639 
7.853441045032968 
7.853443298969382 
7.8534455513572325 
7.8534478021981124 
7.853450051493616 
7.853452299245334 
7.8534545454548566 
7.853456790123768 
7.853459033253653 
7.8534612748460955 
7.853463514902675 
7.8534657534249686 
7.853467990414553 
7.853470225873001 
7.8534724598018855 
7.853474692202774 
7.853476923077235 
7.853479152426832 
7.853481380253131 
7.853483606557689 
7.853485831342067 
7.853488054607821 
7.853490276356505 
7.853492496589671 
7.85349471530887 
7.853496932515649 
7.853499148211556 
7.8535013623981325 
7.853503575076921 
7.853505786249462 
7.853507995917291 
7.853510204081946 
7.853512410744957 
7.853514615907859 
7.853516819572179 
7.8535190217394435 
7.853521222411179 
7.853523421588908 
7.853525619274151 
7.853527815468428 
7.8535300101732535 
7.853532203390144 
7.8535343951206125 
7.853536585366168 
7.853538774128319 
7.853540961408574 
7.853543147208436 
7.853545331529408 
7.853547514372989 
7.853549695740679 
7.853551875633975 
7.853554054054369 
7.853556231003354 
7.8535584064824215 
7.853560580493059 
7.853562753036752 
7.853564924114987 
7.853567093729243 
7.853569261881003 
7.853571428571744 
7.853573593802943 
7.853575757576073 
7.853577919892608 
7.853580080754017 
7.853582240161769 
7.85358439811733 
7.853586554622165 
7.8535887096777355 
7.853590863285503 
7.853593015446925 
7.853595166163458 
7.853597315436558 
7.853599463267677 
7.853601609658265 
7.853603754609771 
7.853605898123641 
7.853608040201322 
7.853610180844256 
7.853612320053883 
7.853614457831642 
7.853616594178972 
7.853618729097308 
7.853620862588081 
7.853622994652724 
7.853625125292667 
7.853627254509336 
7.853629382304158 
7.853631508678555 
7.853633633633952 
7.853635757171766 
7.853637879293416 
7.853640000000318 
