1.6666666666666667 
1.8333333333333335 
2.2222222222222223 
2.3333333333333335 
2.5333333333333337 
2.611111111111111 
2.5714285714285716 
2.5 
2.4444444444444446 
2.5 
2.606060606060606 
2.638888888888889 
2.6153846153846154 
2.619047619047619 
2.6 
2.625 
2.627450980392157 
2.611111111111111 
2.5964912280701755 
2.5833333333333335 
2.555555555555556 
2.575757575757576 
2.579710144927536 
2.569444444444444 
2.5466666666666664 
2.538461538461538 
2.518518518518518 
2.4999999999999996 
2.5172413793103443 
2.5222222222222217 
2.516129032258064 
2.5312499999999996 
2.535353535353535 
2.529411764705882 
2.5238095238095233 
2.5092592592592586 
2.495495495495495 
2.5087719298245608 
2.5128205128205123 
2.5249999999999995 
2.544715447154471 
2.547619047619047 
2.542635658914728 
2.537878787878787 
2.5481481481481474 
2.557971014492753 
2.5531914893617014 
2.541666666666666 
2.5306122448979584 
2.519999999999999 
2.5294117647058814 
2.5320512820512806 
2.528301886792452 
2.5185185185185173 
2.5151515151515142 
2.523809523809523 
2.526315789473683 
2.5229885057471257 
2.5197740112994342 
2.5277777777777772 
2.530054644808742 
2.526881720430107 
2.534391534391534 
2.5364583333333326 
2.5333333333333328 
2.5404040404040398 
2.557213930348258 
2.5637254901960778 
2.560386473429951 
2.5523809523809518 
2.549295774647887 
2.541666666666666 
2.534246575342465 
2.54054054054054 
2.546666666666666 
2.5438596491228065 
2.549783549783549 
2.5512820512820507 
2.5485232067510544 
2.5499999999999994 
2.547325102880658 
2.5528455284552845 
2.5542168674698793 
2.5515873015873014 
2.556862745098039 
2.5581395348837206 
2.5555555555555554 
2.5568181818181817 
2.561797752808989 
2.5592592592592593 
2.5641025641025643 
2.5652173913043477 
2.5627240143369177 
2.5673758865248226 
2.5684210526315785 
2.565972222222222 
2.5670103092783503 
2.564625850340136 
2.569023569023569 
2.5733333333333337 
2.5709570957095713 
2.565359477124183 
2.566343042071198 
2.5641025641025643 
2.5682539682539685 
2.569182389937107 
2.5669781931464177 
2.5679012345679015 
2.571865443425077 
2.56969696969697 
2.5735735735735736 
2.5744047619047623 
2.578171091445428 
2.576023391812866 
2.5797101449275366 
2.5804597701149428 
2.5783475783475787 
2.573446327683616 
2.57703081232493 
2.577777777777778 
2.575757575757576 
2.5710382513661205 
2.5745257452574526 
2.5752688172043015 
2.5733333333333337 
2.568783068783069 
2.5721784776902887 
2.572916666666667 
2.571059431524548 
2.5692307692307694 
2.564885496183206 
2.5681818181818183 
2.5689223057644113 
2.5671641791044775 
2.5703703703703704 
2.571078431372549 
2.5693430656934306 
2.5652173913043477 
2.5611510791366907 
2.5642857142857145 
2.56501182033097 
2.570422535211268 
2.5710955710955714 
2.5694444444444446 
2.5678160919540227 
2.563926940639269 
2.5600907029478455 
2.5630630630630624 
2.5637583892617446 
2.5622222222222217 
2.55849889624724 
2.5570175438596485 
2.555555555555555 
2.551948051948051 
2.5483870967741926 
2.55128205128205 
2.558386411889596 
2.5611814345991553 
2.5597484276729547 
2.556249999999999 
2.5527950310558998 
2.555555555555555 
2.5562372188139055 
2.5548780487804876 
2.5575757575757576 
2.558232931726908 
2.55688622754491 
2.5555555555555554 
2.5522682445759366 
2.5490196078431366 
2.547758284600389 
2.546511627906976 
2.549132947976878 
2.5498084291187735 
2.548571428571428 
2.551136363636363 
2.5517890772128053 
2.5505617977528083 
2.5474860335195526 
2.548148148148148 
2.5469613259668504 
2.543956043956044 
2.546448087431694 
2.5525362318840585 
2.5549549549549555 
2.5537634408602155 
2.552584670231729 
2.551418439716312 
2.5537918871252208 
2.5561403508771936 
2.5549738219895293 
2.553819444444445 
2.556131260794474 
2.556701030927836 
2.5555555555555567 
2.554421768707484 
2.5516074450084614 
2.54882154882155 
2.5460636515912913 
2.543333333333335 
2.5406301824212285 
2.5429042904290444 
2.543513957307062 
2.5424836601307206 
2.544715447154473 
2.5469255663430435 
2.545893719806765 
2.5464743589743604 
2.545454545454547 
2.5476190476190492 
2.5481832543443934 
2.547169811320756 
2.544600938967138 
2.5420560747663568 
2.5395348837209317 
2.5370370370370385 
2.539170506912444 
2.5397553516819587 
2.5388127853881293 
2.536363636363638 
2.533936651583712 
2.5360360360360374 
2.536621823617341 
2.5357142857142874 
2.5348148148148164 
2.535398230088497 
2.5389133627019107 
2.539473684210528 
2.538573508005824 
2.5362318840579725 
2.5339105339105354 
2.5316091954023006 
2.5336194563662393 
2.534188034188036 
2.533333333333335 
2.5324858757062163 
2.531645569620255 
2.5294117647058845 
2.531380753138077 
2.5333333333333354 
2.5325034578146632 
2.5303030303030325 
2.5294924554183837 
2.5314207650273244 
2.531972789115648 
2.5352303523035253 
2.5371120107962235 
2.5362903225806472 
2.535475234270417 
2.534666666666669 
2.532536520584332 
2.534391534391537 
2.53491436100132 
2.5380577427821547 
2.5385620915032705 
2.537760416666669 
2.539559014267188 
2.543927648578814 
2.545688545688548 
2.5448717948717974 
2.5466155810983424 
2.5470737913486032 
2.5462610899873286 
2.5479797979798007 
2.5484276729559774 
2.5476190476190506 
2.549313358302125 
2.549751243781097 
2.5489467162329644 
2.5506172839506203 
2.5510455104551073 
2.5502450980392184 
2.548229548229551 
2.549878345498786 
2.550303030303033 
2.549516908212563 
2.551143200962698 
2.552757793764991 
2.5519713261648773 
2.5523809523809553 
2.551601423487548 
2.553191489361706 
2.5535924617196737 
2.5528169014084545 
2.55087719298246 
2.5489510489510527 
2.5505226480836276 
2.5520833333333375 
2.5513264129181126 
2.5505747126436824 
2.5521191294387213 
2.5536529680365336 
2.5529010238907888 
2.552154195011342 
2.551412429378535 
2.5529279279279318 
2.5544332210998917 
2.5570469798657762 
2.55852842809365 
2.5577777777777824 
2.555924695459584 
2.554083885209718 
2.552255225522557 
2.5504385964912326 
2.5497267759562887 
2.549019607843142 
2.550488599348539 
2.551948051948057 
2.551240560949304 
2.551612903225811 
2.550911039657025 
2.552350427350432 
2.555910543130995 
2.557324840764336 
2.5566137566137614 
2.5559071729957856 
2.5573080967402784 
2.558700209643611 
2.5579937304075284 
2.556250000000005 
2.5545171339563915 
2.5538302277432767 
2.5521155830753406 
2.5534979423868363 
2.5538461538461585 
2.553169734151334 
2.554536187563715 
2.554878048780492 
2.5542046605876436 
2.552525252525257 
2.553877139979863 
2.5542168674698837 
2.5535535535535576 
2.5548902195608822 
2.5552238805970187 
2.554563492063496 
2.552917903066275 
2.551282051282055 
2.552605703048185 
2.552941176470592 
2.552297165200395 
2.5536062378167683 
2.553935860058313 
2.5532945736434147 
2.552657004830922 
2.5510597302504854 
2.5504322766570646 
2.548850574712648 
2.5472779369627547 
2.5485714285714325 
2.5489078822412194 
2.5482954545454586 
2.546742209631732 
2.5451977401129984 
2.54366197183099 
2.544943820224723 
2.545284780578902 
2.5446927374301715 
2.545032497678741 
2.5444444444444483 
2.5429362880886464 
2.5414364640884015 
2.539944903581271 
2.5384615384615423 
2.539726027397264 
2.5400728597449946 
2.542234332425072 
2.545289855072468 
2.54652213188799 
2.54594594594595 
2.5453728661275874 
2.5439068100358466 
2.5451295799821314 
2.54545454545455 
2.5448888888888934 
2.5443262411347565 
2.5437665782493415 
2.5449735449735496 
2.5479331574318427 
2.5491228070175485 
2.550306211723539 
2.5497382198952927 
2.548302872062668 
2.5477430555555602 
2.5489177489177535 
2.5492227979274658 
2.548664944013786 
2.5472508591065335 
2.5484147386461053 
2.548717948717953 
2.5481670929241305 
2.546768707482997 
2.5479219677693004 
2.5482233502538114 
2.5476793248945193 
2.5488215488215533 
2.5499580184718766 
2.549413735343388 
2.5480367585630783 
2.5466666666666704 
2.5477971737323393 
2.5480928689883946 
2.547559966914809 
2.546204620462049 
2.5456790123456816 
2.544334975369461 
2.545454545454548 
2.548202614379088 
2.5493072534637355 
2.5487804878048808 
2.547445255474455 
2.546925566343045 
2.545601291364006 
2.5466988727858317 
2.546987951807232 
2.5464743589743617 
2.545163868904879 
2.5446570972886784 
2.5441527446300736 
2.5436507936507957 
2.5423594615993688 
2.5434439178515027 
2.5437352245862908 
2.543238993710694 
2.544313725490198 
2.5446009389671382 
2.544106167056989 
2.542834890965734 
2.5415695415695434 
2.540310077519382 
2.5413766434648126 
2.5416666666666687 
2.543494996150887 
2.5437788018433203 
2.54329501915709 
2.5443425076452617 
2.5446224256292926 
2.546423135464233 
2.5466970387243757 
2.546212121212123 
2.545729402872262 
2.545248868778282 
2.544770504138451 
2.5457957957957973 
2.5460674157303385 
2.5455904334828117 
2.545115585384043 
2.5461309523809534 
2.5463994060876036 
2.548148148148149 
2.5484109386548424 
2.5479351032448387 
2.5481972038263443 
2.547723935389135 
2.5465201465201477 
2.5460526315789482 
2.5470459518599573 
2.547307132459972 
2.5468409586056655 
2.546376811594204 
2.5451916124367324 
2.544011544011545 
2.5428365730741547 
2.5438218390804606 
2.544086021505377 
2.5457796852646646 
2.5460385438972173 
2.5455840455840466 
2.5451314854299936 
2.5460992907801425 
2.5484784147204538 
2.5494350282485883 
2.5489781536293172 
2.5499296765119555 
2.550175438596492 
2.549719887955183 
2.5492662473794554 
2.548117154811716 
2.5469728601252615 
2.547916666666667 
2.548163548163549 
2.5477178423236517 
2.5465838509316776 
2.5461432506887056 
2.5470790378006876 
2.547325102880659 
2.5468856947296374 
2.546448087431694 
2.547375596455351 
2.547619047619048 
2.5471826205023764 
2.5481029810298104 
2.5503718728870863 
2.5512820512820515 
2.550841750841751 
2.5504032258064515 
2.5492957746478875 
2.5481927710843375 
2.547762191048764 
2.5486666666666666 
2.5508982035928143 
2.551792828685259 
2.5513585155732272 
2.5515873015873014 
2.551155115511551 
2.5500658761528325 
2.5509533201840893 
2.5511811023622046 
2.550753110674525 
2.549673202614379 
2.5492498369210694 
2.548177083333333 
2.5471085120207926 
2.54798962386511 
2.5501618122977345 
2.551033591731266 
2.5506125080593165 
2.55019305019305 
2.549132947976878 
2.5480769230769225 
2.5470249520153545 
2.547892720306513 
2.5481198215423833 
2.547709923664122 
2.548571428571428 
2.5487959442332064 
2.548387096774193 
2.5473484848484844 
2.546313799621928 
2.545283018867924 
2.5442561205273067 
2.5451127819548867 
2.5453408380237645 
2.5449438202247188 
2.544548286604361 
2.543532338308457 
2.5425201738050895 
2.541511771995043 
2.542362399505256 
2.5425925925925923 
2.542205791743684 
2.54120541205412 
2.540822590546347 
2.541666666666666 
2.5418960244648314 
2.541514041514041 
2.540524070688604 
2.539537712895376 
2.538554948391013 
2.5375757575757563 
2.538415003024802 
2.538647342995168 
2.5382760699216385 
2.5373044524669064 
2.536336336336335 
2.535371702637889 
2.5344105326151993 
2.533452807646355 
2.5342874180083474 
2.534523809523809 
2.534165181224004 
2.5332147093712925 
2.5322676139727642 
2.5330969267139474 
2.5333333333333328 
2.5329799764428733 
2.533803644914755 
2.535798122065727 
2.5366139425893377 
2.53625730994152 
2.535901926444833 
2.534965034965034 
2.534031413612565 
2.534843205574912 
2.5368115942028977 
2.53761574074074 
2.537261698440207 
2.5369088811995377 
2.5359815774323535 
2.535632183908045 
2.536431440045897 
2.536655211912943 
2.538021726700971 
2.538242009132419 
2.5378917378917367 
2.5369738339021604 
2.5366269165247006 
2.5374149659863936 
2.53763440860215 
2.5384180790960444 
2.538071065989847 
2.5388513513513504 
2.5390668915120846 
2.538720538720538 
2.539495798319327 
2.5397091722595073 
2.5393634840871013 
2.540133779264213 
2.5403450194769053 
2.539999999999999 
2.539101497504159 
2.5393133997785156 
2.5406301824212263 
2.5408388520971297 
2.5421487603305777 
2.5440044004400435 
2.5464030752333877 
2.547149122807017 
2.54679802955665 
2.5464480874316937 
2.5460992907801416 
2.546840958605664 
2.547036432843937 
2.546688382193268 
2.546341463414634 
2.5470779220779223 
2.5478119935170183 
2.5474649406688243 
2.546580506192784 
2.545698924731183 
2.546430488459474 
2.546623794212219 
2.5462814339218838 
2.545405982905983 
2.5445333333333338 
2.543663471778488 
2.5433280170122274 
2.5440552016985136 
2.5458399576046635 
2.5465608465608462 
2.546222926571579 
2.5458860759493662 
2.5450236966824638 
2.544164037854889 
2.544881889763779 
2.545073375262054 
2.5447409733124013 
2.5438871473354223 
2.5430359937402183 
2.5421874999999994 
2.5429017160686422 
2.544652128764278 
2.5453602903058576 
2.545031055900621 
2.5447028423772604 
2.5443756449948394 
2.543534260690365 
2.5442386831275714 
2.545968156137647 
2.5466666666666664 
2.546338965693804 
2.54601226993865 
2.5451761102603365 
2.545361875637105 
2.545038167938931 
2.545731707317073 
2.5474378488077116 
2.548125633232016 
2.547799696509863 
2.5469696969696964 
2.546142208774583 
2.5453172205438057 
2.544494720965308 
2.545180722891565 
2.545363408521302 
2.5450450450450437 
2.5457271364317826 
2.5459081836327333 
2.545590433482809 
2.546268656716417 
2.5464480874316933 
2.5471230158730154 
2.546805349182763 
2.546488625123639 
2.546172839506172 
2.545364891518737 
2.545544066962087 
2.546705998033431 
2.54688267059401 
2.54656862745098 
2.5457660303475276 
2.5449657869012703 
2.545632015617374 
2.5458089668615984 
2.545498783454988 
2.544703595724004 
2.543910722950024 
2.5436046511627906 
2.543783260764393 
2.544927536231884 
2.545103714423541 
2.5447976878612715 
2.545454545454545 
2.5456292026897214 
2.545323741007194 
2.5454980842911876 
2.5451936872309897 
2.545845272206303 
2.546018121125417 
2.5471428571428567 
2.5473133618640036 
2.547008547008547 
2.5467045993361777 
2.547348484848484 
2.547517730496453 
2.5486307837582616 
2.5487977369165478 
2.548493408662899 
2.547719793135871 
2.5469483568075106 
2.546179090482887 
2.5454119850187253 
2.5460495558672265 
2.546218487394957 
2.5468531468531457 
2.54655493482309 
2.5471873547187345 
2.5473537604456813 
2.547056096430226 
2.547685185185184 
2.5478502080443817 
2.547553093259463 
2.5477178423236504 
2.5474217311233875 
2.548045977011493 
2.5482093663911836 
2.5479138010087103 
2.5471611721611707 
2.5464106081390017 
2.547031963470318 
2.5471956224350185 
2.546903460837885 
2.546612096407456 
2.545867393278835 
2.5451247165532855 
2.5448369565217366 
2.545454545454543 
2.5456187895212263 
2.545331529093367 
2.5445945945945923 
2.54430949167791 
2.5449236298292877 
2.5450874831763097 
2.54480286738351 
2.544966442953018 
2.544682752457549 
2.543953592146361 
2.5432263814616736 
2.5425011125945685 
2.543111111111109 
2.543275632490011 
2.542996453900707 
2.5436033643204934 
2.5442086648983175 
2.5439293598233967 
2.543650793650791 
2.5442536327608956 
2.5444151275285813 
2.5441370223978894 
2.5434210526315764 
2.543144984669292 
2.543744531933506 
2.5439056356487524 
2.5436300174520046 
2.542919389978211 
2.5435161009573517 
2.544980443285526 
2.5455729166666647 
2.5452969224100546 
2.5454545454545436 
2.5460440985732795 
2.545768566493953 
2.54506252695127 
2.545650301464253 
2.5470967741935464 
2.547680412371132 
2.5474045474045455 
2.5475578406169648 
2.5472828412494635 
2.5478632478632464 
2.548015364916772 
2.547740835464619 
2.5474670072371204 
2.5467687074829914 
2.547346072186835 
2.547497879558947 
2.547225751800083 
2.546531302876479 
2.5471060414026176 
2.5485232067510535 
2.5490939738727336 
2.5488215488215475 
2.5481294661622518 
2.5474391267842136 
2.5467505241090134 
2.5460636515912887 
2.5453785027185267 
2.5459482038429395 
2.5473508552357105 
2.5479166666666657 
2.5476487723678725 
2.5469659185369897 
2.5475300954752997 
2.54809286898839 
2.5490683229813653 
2.54921422663358 
2.5489467162329604 
2.548267326732672 
2.5475896168108765 
2.5469135802469123 
2.547472256473488 
2.547619047619046 
2.5473554735547346 
2.547092547092546 
2.5464212678936597 
2.5469771241830057 
2.548347613219093 
2.548899755501221 
2.548636548636548 
2.5479674796747958 
2.547706049533089 
2.547039740470397 
2.5475901174564592 
2.5477346278317143 
2.548282828282827 
2.5492332526230825 
2.549778315195485 
2.5507246376811588 
2.5508644953759543 
2.550602409638554 
2.549939831528279 
2.549278846153846 
2.5498199279711877 
2.5499600319744196 
2.550898203592814 
2.551036682615629 
2.551573078454798 
2.5513126491646774 
2.550655542312276 
2.5499999999999994 
2.550535077288941 
2.550673000791765 
2.5504151838671407 
2.550157977883096 
2.5499013806706112 
2.549251379038613 
2.548996458087367 
2.54874213836478 
2.5492736552807225 
2.5494117647058823 
2.5503329416372895 
2.550469483568075 
2.5502149277061354 
2.5507416081186576 
2.552046783625731 
2.552570093457944 
2.5523142746013225 
2.551670551670552 
2.5510283275126118 
2.5515503875968992 
2.5516840882694543 
2.551430781129157 
2.551178061027424 
2.551697530864198 
2.5518304431599232 
2.551578137028484 
2.5509419454056137 
2.5514592933947777 
2.551591868047564 
2.551340996168583 
2.551090700344432 
2.550840978593273 
2.5513554791905313 
2.5514874141876436 
2.552380952380953 
2.5525114155251147 
2.5522614975294573 
2.551632498101747 
2.551763367463027 
2.551515151515152 
2.551267499054106 
2.551776266061981 
2.5530388825972072 
2.554675716440423 
2.5551789077212814 
2.5560571858540264 
2.556181886508832 
2.555930930930932 
2.5553055868016505 
2.5558052434456937 
2.5563037785260017 
2.556053811659194 
2.555431131019038 
2.5548098434004483 
2.5541899441340794 
2.554687500000001 
2.5551839464882953 
2.554936896807722 
2.5554319614386367 
2.5555555555555567 
2.5553089160192393 
2.5558019216555814 
2.5562938353636038 
2.5560471976401193 
2.5554327808471466 
2.5548197203826355 
2.5542080117603834 
2.5546989720998545 
2.554822148881556 
2.5545787545787557 
2.5539699963410185 
2.5533625730994167 
2.5534866739686026 
2.554339897884757 
2.554462659380693 
2.555312954876275 
2.5554343874954575 
2.5551924473493113 
2.554588320638376 
2.553985507246378 
2.5544697792254807 
2.554591467823573 
2.5543517515348513 
2.554834054834056 
2.554954954954956 
2.555795536357093 
2.5559151384394116 
2.555675287356323 
2.5554359526372457 
2.554838709677421 
2.554242749731473 
2.55472103004292 
2.55484101464809 
2.554603854389723 
2.5540106951871673 
2.5537749287749305 
2.554251156172182 
2.5543710021321977 
2.5541356052538178 
2.5535460992907817 
2.5529578462628426 
2.552370842179761 
2.5517850830682236 
2.551200564971753 
2.55167548500882 
2.5528541226215657 
2.5533262935586074 
2.553094233473982 
2.5532139093782944 
2.5540350877192997 
2.5541535226077827 
2.5539215686274526 
2.5533403287862906 
2.5538085255066405 
2.553926701570682 
2.553695955369597 
2.5534656913967275 
2.552887961029925 
2.5523114355231162 
2.5527777777777794 
2.5528962885882778 
2.5526680526680545 
2.5524402907580495 
2.5518672199170145 
2.551295336787567 
2.5517598343685317 
2.551878662530164 
2.552341597796145 
2.5521155830753375 
2.5515463917525794 
2.5509783728115365 
2.5514403292181087 
2.551558752997604 
2.5523613963039034 
2.552478632478634 
2.552937158469947 
2.5527123848515885 
2.5524880708929807 
2.5519237316990147 
2.5520408163265325 
2.551817872918792 
2.5522742701968792 
2.553407934893186 
2.553861788617888 
2.5536379018612543 
2.5540906017579466 
2.554204660587641 
2.5539811066126874 
2.5537580047185733 
2.5542087542087564 
2.5543222334342435 
2.5540994623655937 
2.5535414568647217 
2.5529845741113366 
2.5534338358458983 
2.5535475234270435 
2.553326646606488 
2.553440213760857 
2.553219886553222 
2.5536666666666687 
2.5547785547785566 
2.555222887558219 
2.555001661681624 
2.5547808764940263 
2.5542288557213952 
2.554671968190857 
2.5551142005958316 
2.554894179894182 
2.555335315493891 
2.5554455445544577 
2.5552258489943975 
2.5546772068511223 
2.554129647910499 
2.5535831689677866 
2.553037766830873 
2.552821522309714 
2.5532612258276 
2.5533726260641805 
2.5531566895649354 
2.5532679738562116 
2.5530525628468848 
2.5525114155251165 
2.5529488432714262 
2.5530598958333357 
2.552845528455287 
2.5526315789473712 
2.553067185978581 
2.5531776913099895 
2.552964042759964 
2.5527508090614917 
2.552214678305855 
2.5516795865633104 
2.552113585027431 
2.55222437137331 
2.552979066022547 
2.553088803088806 
2.552876888460305 
2.55234425176622 
2.552133461661857 
2.5525641025641055 
2.5526737111751547 
2.5524632117722357 
2.552892297858744 
2.5530012771392108 
2.5527910685805453 
2.5522625876354397 
2.5526902260426643 
2.552798982188298 
2.5535430568795707 
2.5546031746031774 
2.5550269584522702 
2.5548162230671765 
2.5542893320671127 
2.5547122074636337 
2.554818325434442 
2.5546085858585887 
2.554083885209716 
2.5545053560176463 
2.554611268492291 
2.5544025157232735 
2.553879987433242 
2.5533584431889547 
2.552837880213236 
2.5526315789473712 
2.5530516431924912 
2.554096310193874 
2.5545142143080315 
2.554307116104872 
2.5537885874649233 
2.5532710280373863 
2.553688141923439 
2.5537935323383114 
2.553588070829453 
2.553072625698327 
2.5525581395348866 
2.552354399008677 
2.5527700402352242 
2.5528756957328413 
2.552672227371026 
2.5527777777777807 
2.5525747764415696 
2.5520640788663003 
2.551554324407513 
2.5510455104551077 
2.5514592933947804 
2.5515653775322313 
2.5522845752836583 
2.552389705882356 
2.5521885521885554 
2.5516819571865472 
2.551176290864653 
2.5506715506715536 
2.5510826471485237 
2.5511882998171873 
2.550989345509896 
2.550486618004869 
2.550288666058951 
2.5500910746812413 
2.550500454959056 
2.550606060606063 
2.5504087193460516 
2.550816696914703 
2.5509217286189205 
2.550724637681162 
2.5505279034690824 
2.5509342977697433 
2.551038843721773 
2.5517448856799065 
2.551848512173132 
2.551651651651655 
2.551455145514555 
2.551858513189452 
2.5519616651692156 
2.5517654099341747 
2.5512705530642785 
2.550776583034651 
2.5505819158460197 
2.5509838998211127 
2.551087280309804 
2.551785714285718 
2.5518881950639347 
2.5516934046345847 
2.551498961116062 
2.551897983392649 
2.5520000000000036 
2.5526939017169963 
2.5527950310559047 
2.5526004728132428 
2.552111012695605 
2.5519174041297976 
2.5523135867963496 
2.5524146054181434 
2.5522212415416345 
2.5517342739565008 
2.5512481644640284 
2.5516431924882674 
2.5517443564937015 
2.5524311657879366 
2.5525314603453366 
2.5523391812865546 
2.5527315220566806 
2.5528312901342725 
2.55263925342666 
2.5521561771561823 
2.55167394468705 
2.5520651541594 
2.5521650682941055 
2.551974448315917 
2.552074267478972 
2.5518840579710194 
2.551404575731253 
2.5517939814814863 
2.5521827117664113 
2.551993067590993 
2.552380952380958 
2.552768166089971 
2.552578507634693 
2.552101324122055 
2.552487776819102 
2.552586206896557 
2.5523973585989146 
2.551921973608726 
2.551447406133568 
2.551832760595653 
2.5519313304721085 
2.5517438536306516 
2.5518423307626446 
2.551655251141558 
2.5520387795836954 
2.5521367521367577 
2.55194990037006 
2.5523321956769114 
2.5524296675191875 
2.552243043725162 
2.552340425531921 
2.553004535147398 
2.553101104502979 
2.5529145444255854 
2.552728300819909 
2.552259887005655 
2.5523567598080774 
2.5521714608009076 
2.5525500140884807 
2.5526463963964017 
2.5530239099859404 
2.553681843732439 
2.5537770289244643 
2.554433221099893 
2.554527614241665 
2.554341736694683 
2.553876294430456 
2.553411633109625 
2.5529477507683764 
2.553322166387498 
2.5534170153417066 
2.553232998885178 
2.5530492898914003 
2.5534223706177013 
2.55351681957187 
2.5533333333333377 
2.553150152650573 
2.5526899611758225 
2.55223053477418 
2.552602436323371 
2.5535269709543615 
2.5538971807628568 
2.553714443523893 
2.554083885209718 
2.5541770057899136 
2.5539944903581313 
2.553537021745119 
2.5530803080308075 
2.5534487496565035 
2.553542009884683 
2.553360768175587 
2.5531798245614077 
2.5535469734319403 
2.553639846743299 
2.553459119496859 
2.55355191256831 
2.5533715533715573 
2.5529187124931845 
2.553284273644049 
2.553376906318087 
2.553197278911569 
2.553017944535078 
2.5525672371638186 
2.5526601520086905 
2.5524816924328766 
2.552845528455289 
2.552937990793397 
2.5527597402597446 
2.552311435523119 
2.551863857374397 
2.5522267206477776 
2.5523193096008674 
2.552681218000543 
2.5525040387722178 
2.5520581113801497 
2.552419354838714 
2.55278001611604 
2.5526033279656515 
2.5524269241083446 
2.552250803858526 
2.552610441767073 
2.5527019796682766 
2.5525260625501254 
2.5520833333333384 
2.5524419535628553 
2.552533333333338 
2.552358113509198 
2.551916932907354 
2.5514764565043953 
2.551036682615636 
2.551394422310763 
2.5514861995753777 
2.551312649164684 
2.5508744038155866 
2.551231135822087 
2.5513227513227568 
2.551149881046794 
2.550713153724253 
2.550277117973086 
2.5498417721519044 
2.5501976284585037 
2.550552922590843 
2.55038147855828 
2.550736067297587 
2.5508274231678545 
2.5506561679790085 
2.5502229215840604 
2.5497903563941358 
2.5501440167583196 
2.5504971219256993 
2.550326797385627 
2.5498955067920646 
2.5494648916731983 
2.5492957746478933 
2.5496481626270584 
2.549739583333339 
2.5495706479313096 
2.549141965678633 
2.5494933749025783 
2.5495846313603385 
2.549416342412458 
2.548989113530333 
2.548821548821555 
2.5491718426501095 
2.54952159296613 
2.549354005167965 
2.5497030725535823 
2.5505675954592424 
2.5509151843258633 
2.550747037609486 
2.550836550836557 
2.550668724279842 
2.5510151631971283 
2.5511042629686767 
2.5514498332050364 
2.551282051282058 
2.5508583141173524 
2.5506912442396383 
2.5510360706063 
2.551124744376285 
2.5514687100894062 
2.5513016845329317 
2.550879877582256 
2.5512232415902205 
2.551566080977852 
2.551399491094154 
2.5512331553521554 
2.5515752032520393 
2.5516628585935583 
2.5514967021816406 
2.551077313054506 
2.5509118541033504 
2.5504935459377442 
2.5500758725341495 
2.5504169825625542 
2.5505050505050573 
2.551097653292967 
2.5511850731215397 
2.5510204081632724 
2.5508559919436125 
2.5511949685534665 
2.5512820512820586 
2.551117809595586 
2.55145582329318 
2.5517933283170375 
2.5516290726817115 
2.551465063861765 
2.551801801801809 
2.552138034508635 
2.551974012993511 
2.552309612983778 
2.552395209580846 
2.5522313637496965 
2.55256601893374 
2.5526512322628907 
2.5524875621890626 
2.552572706935131 
2.5524093392945932 
2.552494415487722 
2.5530753968254047 
2.553903345724915 
2.554234769687972 
2.5540707745607603 
2.554154302670631 
2.5539906103286465 
2.553580246913588 
2.55391068344437 
2.5539940828402443 
2.553830992855391 
2.553421959625808 
2.553751537515383 
2.5538348082595945 
2.5544092360599437 
2.554491899852732 
2.5543291636006944 
2.5541666666666742 
2.553759490570666 
2.553352912383757 
2.55319148936171 
2.5530303030303108 
2.553357753357761 
2.5534407027818524 
2.5532796878810124 
2.553118908382074 
2.553445337229129 
2.5535279805352875 
2.5540967663506033 
2.5541788143829036 
2.5540179655256208 
2.5536147501213082 
2.5539393939394017 
2.554021317829465 
2.5538610505930848 
2.5534591194968637 
2.5530577713318916 
2.552898550724646 
2.5524981897176047 
2.5520984081042055 
2.5524222704266175 
2.5525048169556923 
2.5523465703971207 
2.5526695526695615 
2.5527517423696313 
2.5525936599423718 
2.5521958243340617 
2.552038369304565 
2.551641504912542 
2.5512452107279784 
2.5515673606125957 
2.5516499282639975 
2.551493428912793 
2.551098376313285 
2.5509424958243945 
2.551263710062002 
2.5515844650941237 
2.5514285714285805 
2.5510349750178536 
2.55135520684737 
2.5514373960560794 
2.5512820512820604 
2.5516014234875537 
2.551920341394035 
2.5517649846008146 
2.5518465909091 
2.5524012301869035 
2.552482269503556 
2.552799433026232 
2.5526440037771576 
2.552252889832517 
2.552569542668562 
2.5528857479387614 
2.5527306967985037 
2.553046342037178 
2.5531264692054636 
2.5529715762274003 
2.5530516431924983 
2.5536007506450957 
2.553680262541032 
2.553525415788251 
2.5538389513108717 
2.553918128654981 
2.553763440860225 
2.5533753795842196 
2.5536881419234465 
2.553767203172392 
2.553613053613064 
2.5532261821570104 
2.552839851024219 
2.5531518957897292 
2.553231055323116 
2.5530778164924612 
2.5526926648096673 
2.552308049176536 
2.552155771905435 
2.551772063933298 
2.5520833333333446 
2.5521628498727846 
2.5527045769764327 
2.5527835527835636 
2.5533240997230027 
2.5534025374855935 
2.5532503457814775 
2.552868002764351 
2.552716390423584 
2.552564987347607 
2.5528735632184016 
2.55295198713532 
2.5528007346189274 
2.553108511126416 
2.553186611646044 
2.553035509736551 
2.552655677655688 
2.5525051475634974 
2.552812071330601 
2.5528901073794943 
2.552739726027408 
2.5523613963039122 
2.5526675786593818 
2.552745500113932 
2.553278688524601 
2.5533560864618994 
2.553206002728524 
2.5535105657805155 
2.5535876475931083 
2.5538915361924324 
2.5544217687074946 
2.5544980738726606 
2.554347826086968 
2.5539714867617223 
2.5540479421076547 
2.553898305084757 
2.554200542005431 
2.55427668697812 
2.554127198917467 
2.5537525354969683 
2.553603603603615 
2.553905019131229 
2.5539811066126967 
2.5538323218700945 
2.5534591194968663 
2.5537598204264977 
2.5538358008075472 
2.553687514010322 
2.55331541218639 
2.553167674054185 
2.55324384787473 
2.5537670467248033 
2.553842716711359 
2.5541415494530124 
2.5539937527889434 
2.553623188405807 
2.5532531194295998 
2.5528835448675222 
2.5531820204717492 
2.553924838781419 
2.554222222222231 
2.5547412835887275 
2.554815801154026 
2.5546684408959948 
2.554964539007101 
2.5550387596899315 
2.5548915449313947 
2.5551869055518783 
2.5552608311229092 
2.5551137618732143 
2.5547461368653512 
2.554378998455778 
2.554673721340397 
2.5547477417933555 
2.5546014971378335 
2.5542354235423628 
2.5545294635004483 
2.554603383871685 
2.554457619675019 
2.554750932631125 
2.555482456140359 
2.5557747096208714 
2.555628558913718 
2.5559203326767426 
2.5559930008748983 
2.5558469945355267 
2.5554827435561456 
2.5553372626064257 
2.5549738219895364 
2.5552648790058936 
2.5553376906318155 
2.555192684519929 
2.555265448215847 
2.5551206784083567 
2.5554106910039183 
2.5554831704668906 
2.5553385416666736 
2.5551941010626833 
2.5548331166016545 
2.554472601256234 
2.554761904761912 
2.5548345230369964 
2.5546908776480834 
2.554979477208908 
2.55505181347151 
2.5549083063646245 
2.554549374730495 
2.554190907132091 
2.5544788975021606 
2.554551323434481 
2.554408602150545 
2.5540511497958382 
2.553694158075609 
2.553337626100029 
2.5536250536250615 
2.5543408360128694 
2.554627249357334 
2.5544851209591166 
2.554771074026537 
2.554842847979481 
2.5547008547008616 
2.5549861200085484 
2.555057618437907 
2.554915760290047 
2.5549872122762216 
2.5548455804046926 
2.55470412941678 
2.5543501382684606 
2.5546343537415037 
2.554705757382629 
2.5545647558386486 
2.554211754720992 
2.5538592027141718 
2.5541428268701067 
2.5542143159678172 
2.554074074074081 
2.5537225042301253 
2.5533713802578806 
2.5532319391635054 
2.553514882837246 
2.554219409282707 
2.554501370440656 
2.554361567635911 
2.5540113708149152 
2.5540824915824984 
2.5545741324921205 
2.554644808743176 
2.5545053560176503 
2.5547858942065558 
2.5548563037549887 
2.5547169811320822 
2.5549968573224455 
2.5550670016750487 
2.5555555555555625 
2.5556252613969117 
2.5554858934169347 
2.555346700083549 
2.5549989563765463 
2.554651647893207 
2.554930164686269 
2.555000000000007 
2.554861544867798 
2.554723262588438 
2.554585152838435 
2.554862842892775 
2.5551401869158945 
2.5550020755500276 
2.5546567102261006 
2.5543117744610346 
2.554588771493688 
2.5546583850931746 
2.554521001448382 
2.554177005789916 
2.5542467451952953 
2.5541098719537447 
2.5537667698658475 
2.554042904290436 
2.5547309833024188 
2.5550061804697224 
2.5548692608606203 
2.5545267489712 
2.554184659675104 
2.5538429921907175 
2.5535017457383513 
2.5537766830870345 
2.554461538461545 
2.5547355473554805 
2.5545994673222765 
2.5542588042588106 
2.553918559443428 
2.553578732106346 
2.5532393214796714 
2.5535130718954315 
2.5541947336191124 
2.5544675642594927 
2.554943934760455 
2.555012224938882 
2.5548768071675894 
2.554538054538061 
2.554809843400454 
2.5548780487804943 
2.5553524273816843 
2.55542021924483 
2.55528504767702 
2.555555555555562 
2.555623100303958 
2.555488051842858 
2.5551507791945016 
2.5548139158576118 
2.5544774610875343 
2.5541414141414207 
2.554411467797301 
2.554479418886205 
2.55434563420045 
2.554010479645311 
2.5536757301107817 
2.55394524959743 
2.554013277006645 
2.554483313228796 
2.5545509342977764 
2.5544176706827373 
2.5540838852097196 
2.5537505014039374 
2.554018841451199 
2.554086538461545 
2.55395395395396 
2.5542216886754767 
2.554289142171572 
2.554156674660278 
2.554224086279216 
2.5540918163672717 
2.5537602234191166 
2.5538277511961787 
2.5542936840008035 
2.554360812425335 
2.5542288557213992 
2.5544948289578424 
2.5545617173524215 
2.554827175208588 
2.5546952551121764 
2.554365079365086 
2.5546301804481524 
2.5548949663099547 
2.554763319469208 
2.5548297703879714 
2.5546983184965444 
2.55496243574536 
2.5550286504643416 
2.5548973143759937 
2.55456877836985 
2.5542406311637142 
2.554109994086345 
2.5543735224586346 
2.554439850364251 
2.5543093270366057 
2.553982300884962 
2.5536556603773644 
2.5533294048320623 
2.5530035335689103 
2.5528742397488777 
2.5531372549019666 
2.553203997648448 
2.553074813944385 
2.5533372479937424 
2.5534037558685503 
2.553665689149566 
2.5541227041813266 
2.5541886350322263 
2.5540593286494984 
2.5543202652623425 
2.5543859649122864 
2.5542567699201304 
2.553933021806859 
2.5536096516832125 
2.553286658887598 
2.5535471331389754 
2.5536130536130592 
2.553484760240736 
2.5531625921614336 
2.5534225324801296 
2.553488372093029 
2.553360449351158 
2.5532326751839003 
2.553491971367775 
2.5535576179427744 
2.5534299516908265 
2.5536886828891516 
2.5537541015248078 
2.553626543209882 
2.553499132446506 
2.5537572254335315 
2.5540150202195315 
2.5538876058506594 
2.5541450278899838 
2.5542099192618277 
2.5540826128722434 
2.554147465437793 
2.5544041450777253 
2.554276946682015 
2.553958213532687 
2.554214559386978 
2.5542791499138477 
2.55415231534635 
2.5538343851596914 
2.5540902140672834 
2.5541547277937013 
2.5540282550591877 
2.5539019271131513 
2.5537757437070985 
2.55345911949686 
2.5537142857142903 
2.5539691604797303 
2.5544140030441445 
2.554478037649748 
2.5543519574306393 
2.554036087369425 
2.5537205770691007 
2.553974577878965 
2.5540386803185484 
2.5544817130945656 
2.555113636363641 
2.5553662691652517 
2.5552402572833945 
2.554925316695032 
2.5551776266062025 
2.5552407932011376 
2.555115137787849 
2.555366911903419 
2.5554298642533984 
2.5553043150555914 
2.555178907721285 
2.554865424430646 
2.55455229495862 
2.554239518706528 
2.554490792934991 
2.554553990610333 
2.5544294294294336 
2.554117426374043 
2.5543682039745073 
2.5546186996439992 
2.554494382022476 
2.554183043234142 
2.5542461653572808 
2.554122265844087 
2.5538116591928293 
2.554061624649864 
2.554124673385596 
2.5540011191941843 
2.5538777032065663 
2.5535681013601677 
2.5532588454376204 
2.553508282151502 
2.553571428571433 
2.5540063208774906 
2.5540691192865146 
2.5545032497678775 
2.5547512991833745 
2.5546280838434465 
2.5548757879124993 
2.5549379284787883 
2.5548148148148186 
2.5545067555062038 
2.5543840177580504 
2.554261416158258 
2.554508499630454 
2.554570637119117 
2.554448135843488 
2.5541413023427446 
2.554019174041301 
2.5542657084945675 
2.5548802946593034 
2.555126081354688 
2.555555555555559 
2.55561684133113 
2.555494303564869 
2.55518824609734 
2.554882525697507 
2.5547605943863543 
2.555005500550058 
2.555250137438156 
2.555128205128208 
2.5550064067362284 
2.5552506403219932 
2.555311757176818 
2.5555555555555585 
2.5554337899543405 
2.5551296093464795 
2.554825761722316 
2.5545222465353783 
2.5547658100965944 
2.5548269581056493 
2.5547059894411097 
2.554767103347892 
2.5546462993271533 
2.5547073791348627 
2.5545867393278865 
2.554284676833699 
2.55452730901833 
2.555132390279292 
2.555374297625524 
2.5552536231884084 
2.555133079847911 
2.5548317046688407 
2.555073250135651 
2.555133767172815 
2.555374887082207 
2.5552546045503814 
2.5549539794260987 
2.5548340548340573 
2.555074815215434 
2.5551351351351377 
2.5550153070412414 
2.555255579553638 
2.555315704263359 
2.555195972671703 
2.554896675651395 
2.5545977011494276 
2.55429904864477 
2.5545389307499127 
2.5551371705217885 
2.555376344086024 
2.5552570302704662 
2.5549588256355196 
2.555197709787084 
2.555436337625181 
2.5553172475424506 
2.5551982851018242 
2.5554365291912178 
2.555496074232693 
2.555377207062602 
2.555080213903745 
2.5549616960627133 
2.554665242165244 
2.554369104822924 
2.5546069014585573 
2.555200000000002 
2.5554371002132217 
2.5553187710886185 
2.555023074192405 
2.5549050913606544 
2.555141843971633 
2.5553783448520306 
2.5552603613177487 
2.5549654806160396 
2.554670912951169 
2.554376657824935 
2.5546129374337236 
2.5548489666136738 
2.5552612994350294 
2.5553202752779263 
2.5552028218694898 
2.554909219108057 
2.555144467935167 
2.5552033808769163 
2.5550862372404097 
2.554793315743185 
2.555028129395219 
2.5550869794412243 
2.5553213909378307 
2.5552044935931204 
2.5549122807017555 
2.555146414167983 
2.5552050473186134 
2.555088456822562 
2.5547969187675084 
2.5545056867891525 
2.554739419377406 
2.554798112218145 
2.5546820405310986 
2.554391478959317 
2.55410122164049 
2.5539856968428407 
2.554218967921898 
2.5542777487367148 
2.5541623127830038 
2.554046997389035 
2.5542797494780802 
2.554338375934621 
2.554223149113661 
2.553934340802502 
2.5536458333333343 
2.55387818844352 
2.5544571626777675 
2.554688854220837 
2.5545738045738053 
2.5546320346320357 
2.554517133956387 
2.554748313440582 
2.5549792531120343 
2.5552099533437023 
2.555094991364422 
2.55515277058519 
2.555037957211871 
2.554750819106743 
2.5549810410203384 
2.5550387596899236 
2.554924242424243 
2.554981930820858 
2.5548675610595124 
2.5550971291043503 
2.5553264604811003 
2.5557272883393445 
2.5557844146927575 
2.5561845942700296 
2.556241426611798 
2.5561268209083123 
2.555841041452553 
2.55572675911659 
2.5554414784394255 
2.5556695741405853 
2.5557264957264962 
2.5556125064069715 
2.5554986338797816 
2.555214200375491 
2.5549300580006826 
2.5551577152600173 
2.5553851397409684 
2.5557826605348324 
2.5563500170241746 
2.556576484600987 
2.556462585034014 
2.5561788203297637 
2.5558953448861708 
2.556121582611649 
2.556177868295995 
2.556064461407973 
2.556120718887759 
2.5560074563633286 
2.555894308943089 
2.5561198577958355 
2.556175972927242 
2.5560629122272958 
2.556288032454361 
2.556343977023146 
2.556231003039514 
2.5559493670886075 
2.555668016194332 
2.555892766818412 
2.5561172901921134 
2.556004716186626 
2.5557239057239056 
2.5559481743227326 
2.5560040363269425 
2.556227937468482 
2.5561155913978495 
2.556339210747271 
2.5563947633434037 
2.556282502935749 
2.556002682763246 
2.555723143958438 
2.555611390284757 
2.5554997488699143 
2.5557228915662646 
2.5557785582873387 
2.5556670010030085 
2.5558897243107763 
2.556446225784903 
2.5566683358370885 
2.556556556556556 
2.5562781390695344 
2.5564999999999993 
2.5565550558054304 
2.556443556443556 
2.5561657513729403 
2.555888223552894 
2.556109725685785 
2.5561648388168825 
2.556053811659192 
2.555942895086321 
2.5556661689065865 
2.5558872305140956 
2.5559423172550964 
2.556328694499668 
2.556383507203179 
2.5562727573651105 
2.5559966914805616 
2.555886243386243 
2.556106428689472 
2.55616121572514 
2.5560508502559016 
2.5562706270627054 
2.5563252515256467 
2.556214968677876 
2.5561047948591193 
2.555830039525691 
2.5557201646090526 
2.5559394537676856 
2.5564874198322634 
2.556706114398421 
2.556596024314111 
2.556486042692938 
2.556376169374691 
2.556102362204723 
2.5563207083128368 
2.556538839724679 
2.556429156429155 
2.5561558611656827 
2.555882834233348 
2.5556100752371593 
2.5558280202713735 
2.555882352941175 
2.5557733137350955 
2.555501142670583 
2.555555555555554 
2.5559360730593594 
2.5561532192339023 
2.5560443141088287 
2.5562611952450727 
2.556315104166665 
2.5562062794859264 
2.555934959349592 
2.5559889484804144 
2.5558804418453525 
2.5557720409157314 
2.5559883154819847 
2.5565287915652863 
2.5567444876783383 
2.5566358774914906 
2.556365403304177 
2.556580864497327 
2.556634304207118 
2.5565259582726814 
2.556256062075653 
2.5559864275327175 
2.5557170542635643 
2.555932203389829 
2.5559858018715698 
2.555878084179969 
2.5556092843326867 
2.555824069598838 
2.55587761674718 
2.555770159343311 
2.555501930501929 
2.5552339604437995 
2.554966248794598 
2.5551807228915644 
2.555716120745021 
2.5559300272829386 
2.556304138594801 
2.556357223023888 
2.556249999999998 
2.555982700624698 
2.555715658021132 
2.5559289486317796 
2.555982085732564 
2.55587529976019 
2.55560882070949 
2.555342597029227 
2.555076628352489 
2.554810914313067 
2.5547049441786265 
2.554917902120196 
2.5549713193116617 
2.55486542443064 
2.5547596306908607 
2.554494828957834 
2.5545483460559777 
2.5544428548720375 
2.5541785827772463 
2.554390979831664 
2.5546031746031725 
2.5544978581627773 
2.5547098001902926 
2.554763036931366 
2.5551330798479066 
2.55518606492478 
2.555080721747386 
2.554975478563516 
2.555186590765336 
2.55523944997629 
2.5551342812006297 
2.554871309016262 
2.5546085858585834 
2.5543461113740316 
2.5542415641753364 
2.554452324665088 
2.554505356017641 
2.5544008817509027 
2.554453887315075 
2.554821456661945 
2.5548742138364755 
2.5547697626905523 
2.554979579013507 
2.555032187156537 
2.5549278091650947 
2.555137254901958 
2.5551897146440865 
2.5555555555555527 
2.555607769423556 
2.555973070299042 
2.556025039123628 
2.5559205380885315 
2.5556597873671016 
2.5555555555555527 
2.5557638238050577 
2.55581576893052 
2.555711610486888 
2.5554515676181535 
2.5556594948550018 
2.555711391616017 
2.5560747663551373 
2.5561264206756937 
2.556333644568936 
2.556229584694351 
2.5562810945273604 
2.5561771561771534 
2.5563839701770705 
2.5564353361279277 
2.5563314711359375 
2.5562277028075044 
2.555968992248059 
2.5560204556020425 
2.555916976456007 
2.5556587707075367 
2.5558650572578117 
2.5560711523588524 
2.5559678416821243 
2.555710091176013 
2.555452579548962 
2.5553496989346884 
2.5555555555555522 
2.5556069720808234 
2.5555041628122077 
2.5554014486053287 
2.5556069008009823 
2.5556581986143154 
2.5555555555555522 
2.5552991847408055 
2.555350553505532 
2.555709236207158 
2.555760368663591 
2.555657914939349 
2.5555555555555522 
2.5557600859027425 
2.5559644280895397 
2.555862068965514 
2.555759803921565 
2.5555045169193042 
2.5557086011631434 
2.5557595227168397 
2.555657492354737 
2.5557083906464895 
2.5556064772380047 
2.55535196213162 
2.5555555555555527 
2.5556064073226517 
2.555504727050927 
2.555707971345828 
2.55575868372943 
2.5556570732450097 
2.55540334855403 
2.5554541305339993 
2.5553527980535247 
2.555099559203523 
2.5553023397143693 
2.5553530751708395 
2.5552519732847565 
2.5553026854801963 
2.5552016985137964 
2.555403971502194 
2.555606060606056 
2.555959412388304 
2.5560096881622725 
2.5563625359358406 
2.5564125831820887 
2.5563114134542664 
2.55605923239649 
2.5558072798670852 
2.556008454106276 
2.5562094462049147 
2.5561085972850632 
2.5558570782451335 
2.5556057866184405 
2.5558065973791186 
2.5558566696778033 
2.556057185854021 
2.5559566787003565 
2.556156968876856 
2.556206792906518 
2.5561063542136053 
2.5560060060060015 
2.555755665616084 
2.5559555955595514 
2.5560053981106567 
2.5563549160671415 
2.556404494382018 
2.5563042827193723 
2.5563538392456175 
2.5562537402752796 
2.556452818902343 
2.5565022421524617 
2.5564022112654965 
2.556152927120664 
2.5559038662486886 
2.5561026559235995 
2.556152125279637 
2.556350626118063 
2.5562509313068045 
2.5560023830801257 
2.5562006848295318 
2.5562499999999946 
2.556150528038073 
2.5559024680344877 
2.5561004606925195 
2.5562982768865066 
2.5561989606532975 
2.5560997328584087 
2.5558522474410266 
2.5556049822063995 
2.555357936860821 
2.555111111111105 
2.5548645046645873 
2.555062166962694 
2.5555555555555496 
2.5557527358769536 
2.555654101995559 
2.5555555555555496 
2.5553094077684184 
2.555358724534981 
2.5552604397225855 
2.5554572271386373 
2.555948695267575 
2.556145004420861 
2.5560465458830404 
2.555948174322727 
2.555702722590134 
2.5554574874963167 
2.555212468754589 
2.5551146384479657 
2.5553107095636785 
2.555359765051389 
2.555261999119325 
2.5551643192488203 
2.555360023463845 
2.5554089709762473 
2.5553113553113493 
2.5553602811950733 
2.5552627726540713 
2.555019022534381 
2.5547754863244054 
2.5545321637426843 
2.5547274587169313 
2.554776511831721 
2.555117535406623 
2.55516637478108 
2.55506929248723 
2.55526392534266 
2.5554583879900834 
2.555652680652675 
2.5555555555555496 
2.5553129548762676 
2.5550705659828257 
2.554973821989523 
2.5547317924116824 
2.5549258936355654 
2.554974582425557 
2.554878048780482 
2.5550718328254187 
2.5551203945459764 
2.55502392344497 
2.554782608695646 
2.55454150369404 
2.5547350130321402 
2.554783615573884 
2.5546874999999947 
2.5545914678235664 
2.554350968487997 
2.554544141020078 
2.55502599653379 
2.555218709398002 
2.5551226551226494 
2.5548824462714497 
2.554642445213374 
2.5545467646634905 
2.5547392682224084 
2.554787616990635 
2.5546919976971734 
2.5547403251330687 
2.5550762151279782 
2.555124335201949 
2.555028735632178 
2.554789602182961 
2.554550674705707 
2.5547424307648097 
2.554790590935163 
2.554695340501786 
2.554456864431063 
2.5546483311846377 
2.55469644902634 
2.5546014026048316 
2.554363376251782 
2.5545545545545485 
2.554602630074322 
2.554936419488492 
2.5554127392173602 
2.555603140613841 
2.5555079908675733 
2.5556981885608265 
2.5557456515540284 
2.5556505629186197 
2.555413105413099 
2.5556030186529908 
2.5556504412183254 
2.555840091051352 
2.5557451649601757 
2.5555081734186147 
2.5554134697357136 
2.5556028973157154 
2.5556501987507034 
2.555555555555549 
2.555744680851057 
2.555791861619163 
2.555697278911558 
2.555602776597245 
2.555791560464451 
2.555838641188953 
2.55574419920769 
2.5555084146513862 
2.555414192818766 
2.5553200508690055 
2.555084745762705 
2.554849639983051 
2.5550381033022793 
2.5550853434899072 
2.5554145516074382 
2.555461592670888 
2.555367709213856 
2.555273905083784 
2.555461711711705 
2.555508653440264 
2.555836849507729 
2.555883593420491 
2.555789769533439 
2.5555555555555487 
2.5553215388935624 
2.555087719298239 
2.555274971941632 
2.55532183424484 
2.5552284833193095 
2.555415440661336 
2.555462184873943 
2.5553688926221407 
2.5555555555555487 
2.555602182123367 
2.5555089485458544 
2.555276030747722 
2.5550433081866375 
2.5549504259181606 
2.554718034617525 
2.554485837867999 
2.5546722454672173 
2.5547190854593547 
2.5546265328873954 
2.554812648001107 
2.5549986076301794 
2.5549060542797424 
2.554674457429041 
2.5544430538172644 
2.5542118432026615 
2.5541197721272675 
2.5538888888888813 
2.5540746911009227 
2.554121565362191 
2.55402968511582 
2.5540765391014904 
2.554261954261947 
2.554170130229973 
2.5539398975211114 
2.554125138427456 
2.554171855541711 
2.5540802213001306 
2.5542651735102924 
2.5544499723604126 
2.554358336786841 
2.5542667771333805 
2.554451345755685 
2.554497792494473 
2.554406288787745 
2.5541770057899007 
2.553947912360471 
2.5537190082644545 
2.5534902932672368 
2.5536746490503632 
2.5537212821570976 
2.5536303630362958 
2.553814432989683 
2.5539983511953754 
2.553907430298028 
2.5540911587040007 
2.5542747358309237 
2.5541838134430646 
2.553955848073487 
2.554139254385957 
2.554185504863672 
2.5543686661188634 
2.5542778918548854 
2.554050355774485 
2.5539597866228885 
2.5537325676784164 
2.553915539155383 
2.554371584699445 
2.554554144476299 
2.5548730548730463 
2.5550552599263114 
2.5549645390070834 
2.5547375596455266 
2.5545107658762523 
2.554420378694992 
2.5546023965141527 
2.5550564856403892 
2.555238095238087 
2.555147558819521 
2.5549211528004268 
2.5546949313765372 
2.5546047269763568 
2.5547861507128222 
2.5548317046688296 
2.554741554741546 
2.554651478166522 
2.554832587772798 
2.5548780487804787 
2.554788026547465 
2.554562686163002 
2.5544728650696893 
2.5546536796536707 
2.554699121027713 
2.5546093538794183 
2.554384542629366 
2.5542949756888085 
2.5543404887268717 
2.5542510121457407 
2.554026709834067 
2.554207119741092 
2.5546569618546893 
2.5548369711667935 
2.5547474747474666 
2.554792676359712 
2.554703270084772 
2.5548829701371996 
2.5549280623907413 
2.5548387096774117 
2.5547494289936776 
2.554928820843398 
2.5549738219895213 
2.5552871712291925 
2.555331991951703 
2.5552426924108267 
2.555019434392165 
2.5547963558413644 
2.554573456542111 
2.5547523427041425 
2.5547972701726143 
2.5547084002140106 
2.5544858938360666 
2.554664528201008 
2.5547094188376676 
2.5546207264957186 
2.5545321051928904 
2.554443554843867 
2.5546218487394876 
2.554666666666659 
2.554578168732499 
2.5543565147881613 
2.5541350379544463 
2.553913738019161 
2.553692614770451 
2.553870710295283 
2.553915702699101 
2.5542264752790986 
2.554271290022577 
2.5541832669322626 
2.5539625647152446 
2.5537420382165523 
2.5535216872264144 
2.5533015115353934 
2.5534791252485007 
2.5535241123476338 
2.5534366309098053 
2.5536139793486816 
2.5536588593357075 
2.553571428571421 
2.553748512495034 
2.5537932857520413 
2.553705905667848 
2.5536185948230243 
2.553399339933985 
2.553576141462119 
2.553620894341108 
2.553533755274253 
2.5534466851192743 
2.5536231884057887 
2.5536678519689104 
2.5535808320168423 
2.553493880773777 
2.553275453827931 
2.5530571992110365 
2.552839116719234 
2.5530153724871805 
2.5530601523509238 
2.5529736116581243 
2.5531496062992036 
2.5533254624163626 
2.55323891948596 
2.5530213658408614 
2.553197064989509 
2.5532416502946864 
2.5531552762503185 
2.5529380971077 
2.5531135531135445 
2.553158101216155 
2.553071895424828 
2.5528550895073745 
2.552899686520368 
2.5532053792923275 
2.5532498042286527 
2.5531637312459146 
2.5529473135106855 
2.5531221483509237 
2.5531665363565206 
2.5530806304545965 
2.552864583333325 
2.5526487049329605 
2.5524329950559377 
2.552607621277141 
2.553042121684859 
2.5532163742689975 
2.5531306832943534 
2.552915205817418 
2.55308930425752 
2.5531335149863676 
2.5530479896238565 
2.552832879553991 
2.5526179367547868 
2.552532711491117 
2.5524475524475436 
2.5526213592232923 
2.5526656314699707 
2.552580519984469 
2.552754072924739 
2.5529274912756796 
2.552842377260973 
2.553015627017943 
2.553059643687056 
2.5529745773648127 
2.553147574819393 
2.553191489361694 
2.5534931683423476 
2.553536915345952 
2.5534518289541386 
2.5533668082914804 
2.553153153153144 
2.552939662935794 
2.5527263374485503 
2.552898830183819 
2.552942688254938 
2.5528580603725017 
2.5529019003595184 
2.552817353356428 
2.552989479086468 
2.553033217904314 
2.552948717948709 
2.5528642829680805 
2.5529080194721923 
2.5528236650019123 
2.5526113671274873 
2.5527831094049818 
2.552826809925804 
2.552742616033747 
2.552530674846617 
2.552318896128776 
2.552234993614295 
2.552406485382348 
2.5524502297090264 
2.5527490751371262 
2.552792654934957 
2.5527087316762183 
2.5524974515800114 
2.552286332951207 
2.5520753756047783 
2.5522464044800723 
2.552417302798973 
2.55233371486709 
2.552504449529612 
2.552675054009395 
2.552591463414625 
2.552380952380943 
2.552170601675543 
2.551960411115332 
2.5521308980213 
2.552174464308347 
2.552091254752843 
2.551881413911052 
2.55179837892603 
2.5519686036207028 
2.5520121488230743 
2.5519291587602697 
2.5518462316641286 
2.5516369611932666 
2.5514278493808358 
2.5515978274598883 
2.551641414141406 
2.5515587529975936 
2.551476154428455 
2.551267499054097 
2.5513111447301986 
2.551228733459349 
2.5510204081632573 
2.551190026445024 
2.551359516616306 
2.551277211526354 
2.551069182389929 
2.5512385263422526 
2.5516591251885288 
2.5518281191104326 
2.5517457925144353 
2.5515379786566146 
2.551706827309229 
2.5517500940910725 
2.5516679207424047 
2.5514604487902637 
2.551253132832072 
2.5514217712639273 
2.5518407212622005 
2.552009012392031 
2.5519269269269187 
2.551719824890548 
2.5515128782195466 
2.551681039870008 
2.5517241379310263 
2.5516423129761376 
2.5514357053682812 
2.5516036440783645 
2.5516467065868182 
2.551565033046506 
2.5517327349787995 
2.5517757009345705 
2.5516940707523577 
2.5516125015564595 
2.5514065222802995 
2.551573970386951 
2.5519900497512347 
2.5521571552903053 
2.552075565498375 
2.5518697974903626 
2.5517883755588584 
2.5515828677839765 
2.551749813849582 
2.551792581565554 
2.551711309523801 
2.551878021569348 
2.5520446096654186 
2.5519633345720214 
2.5520059435363955 
2.5519247431612735 
2.5517198713189715 
2.5515151515151424 
2.55168150346191 
2.5517241379310254 
2.5516431924882537 
2.5515623070272846 
2.5513580246913485 
2.551153893619637 
2.5510732790525434 
2.5512393636699864 
2.5512820512820418 
2.551201478743059 
2.55099778270509 
2.5510405122521758 
2.55096011816838 
2.5511258767072618 
2.5511685116851064 
2.5510881593507824 
2.551130776794483 
2.5510504976041175 
2.550847457627108 
2.551012891344372 
2.5510554737358753 
2.5509753404490136 
2.5507726269315563 
2.5505700625229752 
2.5503676470588124 
2.5505328923189894 
2.550575557188331 
2.5504957767168452 
2.55029368575623 
2.5504587155963194 
2.5505013450721337 
2.550421708837539 
2.550219941348962 
2.5501404665933682 
2.550305250305239 
2.5503478579274876 
2.5502684236212674 
2.550067081351373 
2.5502316508168623 
2.550274223034723 
2.5501949317738672 
2.5503592741444288 
2.5505234964694306 
2.5504442010465986 
2.550243309002421 
2.5500425635412745 
2.5499635302698636 
2.55012759752095 
2.5501700680271986 
2.550091074681226 
2.5498907501820707 
2.549690571532569 
2.5498544395924188 
2.549896932217764 
2.549818181818169 
2.5499818247909727 
2.5501453488371966 
2.550066594018633 
2.5498668603243635 
2.5496672716273308 
2.549588776003857 
2.5497521460524593 
2.5497945371041686 
2.550078530868659 
2.5501207729468467 
2.5500422552215247 
2.5499637943519056 
2.549764748461804 
2.5498070429329345 
2.5497287522603846 
2.549530007230645 
2.549692808095397 
2.5497350674373664 
2.5496569158540856 
2.549458483754499 
2.5496210754240214 
2.549663299663287 
2.5495852866930995 
2.5496274933909993 
2.549549549549537 
2.5493515850143966 
2.5495138638818746 
2.5495560355171465 
2.5494782295789733 
2.5492805755395564 
2.5493227855687284 
2.5492451473759763 
2.549407114624494 
2.549808429118762 
2.549970077797714 
2.5502512562813955 
2.550293027149851 
2.550215208034422 
2.550017927572595 
2.5498207885304547 
2.54962379075599 
2.5494269340974096 
2.549230218403139 
2.549391553328549 
2.549433512224198 
2.5493562231759532 
2.5495173400071383 
2.549559208958768 
2.549481957842074 
2.5496428571428447 
2.5496846364393546 
2.549607423269081 
2.549411344987501 
2.549572039942926 
2.5496137849078897 
2.549536707056295 
2.5493409333808206 
2.549264007597328 
2.549424468968778 
2.5494661921708057 
2.5497450492114186 
2.5497866287339845 
2.5497096812418407 
2.54951433309641 
2.549319123741846 
2.5494791666666536 
2.54952076677315 
2.5494440501537605 
2.5492491427219925 
2.549172576832138 
2.5493323880420524 
2.5493739664540387 
2.549297437714003 
2.5491029272898835 
2.5489085545722587 
2.5488322717621954 
2.5486381322957072 
2.5484441301272858 
2.548603746907022 
2.548645465253227 
2.548569410102425 
2.548493408662888 
2.5484174608777383 
2.548223947306504 
2.5480305702527803 
2.548189938881041 
2.548584185172118 
2.548743246417653 
2.548667371140061 
2.548474178403744 
2.5482811216707613 
2.5482054890921764 
2.5481299097197674 
2.547937177684001 
2.548096074985342 
2.5481377371749705 
2.5480622877883032 
2.5482209737827595 
2.5483795483795366 
2.5483040935672396 
2.548111773646662 
2.5480364656381367 
2.5481948825797285 
2.548236393366024 
2.5483946293053004 
2.5483193277310803 
2.5481274063703063 
2.548285514345684 
2.548443511717372 
2.5483682983682865 
2.54840964697657 
2.5486839040298044 
2.548725113517278 
2.5486499068901183 
2.548807446189633 
2.548964875552442 
2.5488896639925467 
2.5486982798698157 
2.54885558266526 
2.548896631823449 
2.548821548821537 
2.5486304549674905 
2.548787562362211 
2.5488285780561237 
2.548753623188394 
2.5485628187297054 
2.548372146912281 
2.548181607597857 
2.548338543475732 
2.548379629629618 
2.548304986694423 
2.548461716400636 
2.548618337380032 
2.5485436893203763 
2.5487001733102135 
2.5487410487410367 
2.5486664357464375 
2.5488227146814286 
2.5488635052497863 
2.5487889273356283 
2.5489450017294937 
2.548985707699389 
2.5489111648807348 
2.5487214927435957 
2.548647092688532 
2.54880294659299 
2.548843631342757 
2.5489993098688637 
2.5489249166379095 
2.5487356321838965 
2.548776284039975 
2.5487020445669537 
2.548513032495108 
2.5486685032139462 
2.5488238668961443 
2.548749713236969 
2.5485609448457627 
2.5487161852361186 
2.5487567319811966 
2.5486827033218673 
2.5484942173365286 
2.5486492673992567 
2.548689781439513 
2.5486158773735874 
2.5484276729559636 
2.548353909465009 
2.5485087418580616 
2.5485492346355834 
2.5484755053100256 
2.5482876712328646 
2.5483281981056596 
2.548596851471583 
2.5486372448397647 
2.548563611491096 
2.5483760683760566 
2.5481886534517995 
2.548343013324211 
2.548383424408003 
2.5483100034141226 
2.548122866894186 
2.548277038553383 
2.548317417007719 
2.548585066484816 
2.5486253124289817 
2.548551959114128 
2.548478655767472 
2.5486323913290088 
2.54867256637167 
2.5485992968129634 
2.548526077097494 
2.5483395670406774 
2.548153183775198 
2.5483067165024234 
2.5483469202898434 
2.548273910582897 
2.5483140982122534 
2.5484673679447907 
2.5483943916779617 
2.5482084322369043 
2.548361581920892 
2.5484016717496774 
2.5483288166214875 
2.548143131278913 
2.5482960956894485 
2.5483361534122833 
2.5482634190347193 
2.5484161875774873 
2.548456164074813 
2.5487214148924062 
2.548761261261249 
2.548688506135302 
2.5488408732838046 
2.548880638992 
2.5491452991452865 
2.5491849353569296 
2.5491121600359508 
2.5489270868441625 
2.5487421383647675 
2.5485573144717515 
2.5484848484848364 
2.5486368226186347 
2.5490130103185162 
2.54916470456328 
2.5493162967944287 
2.549243697478979 
2.5492831541218512 
2.5492106147127855 
2.5490261920752055 
2.549177576367896 
2.549217002237124 
2.5491445823549017 
2.5492957746478746 
2.5494468655715594 
2.5493744414655812 
2.5493020658849677 
2.5491181067202375 
2.549045865416794 
2.548862115127163 
2.5490130478420756 
2.549052396878472 
2.549203165050696 
2.5491310160427694 
2.5492816572001225 
2.549654865286117 
2.5498052309404455 
2.54973297730306 
2.549660771882983 
2.5495886146319657 
2.549738801822819 
2.5497777777777673 
