[2, 2, 2] 
[3, 3, 3] 
[4, 4, 4] 
[5, 5, 5] 
[6, 6, 6] 
[7, 7, 7] 
[8, 8, 8] 
[9, 9, 9] 
[10, 10, 10] 
[11, 11, 11] 
[12, 12, 12] 
[13, 13, 13] 
[14, 14, 14] 
[15, 15, 15] 
[16, 16, 16] 
[17, 17, 17] 
[1, 18, 18] 
[2, 19, 19] 
[3, 20, 20] 
[4, 21, 21] 
[5, 22, 22] 
[6, 23, 23] 
[7, 24, 24] 
[8, 25, 25] 
[9, 26, 26] 
[10, 27, 27] 
[11, 28, 28] 
[12, 29, 29] 
[13, 30, 30] 
[1, 31, 31] 
[2, 32, 32] 
[3, 33, 33] 
[4, 34, 34] 
[5, 35, 35] 
[6, 36, 36] 
[7, 37, 37] 
[8, 38, 38] 
[9, 39, 39] 
[10, 40, 40] 
[11, 41, 41] 
[1, 42, 42] 
[2, 43, 43] 
[3, 44, 44] 
[4, 45, 45] 
[5, 46, 46] 
[1, 47, 47] 
[2, 48, 48] 
[3, 49, 49] 
[4, 50, 50] 
[5, 51, 51] 
[6, 52, 52] 
[7, 53, 53] 
[8, 54, 54] 
[1, 55, 55] 
[2, 56, 56] 
[3, 57, 57] 
[4, 58, 58] 
[5, 59, 59] 
[6, 60, 60] 
[7, 61, 61] 
[8, 62, 62] 
[1, 63, 63] 
[2, 64, 64] 
[3, 65, 65] 
[4, 66, 66] 
[5, 67, 67] 
[1, 68, 68] 
[2, 69, 69] 
[3, 70, 70] 
[4, 71, 71] 
[5, 72, 72] 
[1, 73, 73] 
[2, 74, 74] 
[1, 75, 75] 
[2, 76, 76] 
[3, 77, 77] 
[4, 78, 78] 
[5, 79, 79] 
[6, 80, 80] 
[1, 81, 81] 
[2, 82, 82] 
[3, 83, 83] 
[4, 84, 84] 
[5, 85, 85] 
[1, 86, 86] 
[2, 87, 87] 
[3, 88, 88] 
[4, 89, 89] 
[5, 90, 90] 
[6, 91, 91] 
[1, 92, 92] 
[2, 93, 93] 
[3, 94, 94] 
[4, 95, 95] 
[5, 96, 96] 
[6, 97, 97] 
[7, 98, 98] 
[1, 99, 99] 
[2, 100, 100] 
[3, 100, 100] 
[4, 100, 100] 
[5, 100, 100] 
[6, 100, 100] 
[7, 100, 100] 
[8, 100, 100] 
[9, 100, 100] 
[10, 100, 100] 
[11, 100, 100] 
[12, 100, 100] 
[13, 100, 100] 
[14, 100, 100] 
[15, 100, 100] 
[1, 100, 100] 
[2, 100, 100] 
[3, 100, 100] 
[4, 100, 100] 
[5, 100, 100] 
[6, 100, 100] 
[7, 100, 100] 
[8, 100, 100] 
[9, 100, 100] 
[10, 100, 100] 
[11, 100, 100] 
[1, 100, 100] 
[2, 100, 100] 
[3, 100, 100] 
[4, 100, 100] 
[1, 100, 100] 
[2, 100, 100] 
[3, 100, 100] 
[4, 100, 100] 
[5, 100, 100] 
[6, 100, 100] 
[7, 100, 100] 
[8, 100, 100] 
[9, 100, 100] 
[10, 100, 100] 
[11, 100, 100] 
[12, 100, 100] 
[13, 100, 100] 
[14, 100, 100] 
[15, 100, 100] 
[16, 100, 100] 
[17, 100, 100] 
[18, 100, 100] 
[19, 100, 100] 
[20, 100, 100] 
[21, 100, 100] 
[22, 100, 100] 
[1, 100, 100] 
[2, 100, 100] 
[1, 100, 100] 
[2, 100, 100] 
[3, 100, 100] 
[4, 100, 100] 
[5, 100, 100] 
[1, 100, 100] 
[2, 100, 100] 
[3, 100, 100] 
[4, 100, 100] 
[5, 100, 100] 
[6, 100, 100] 
[7, 100, 100] 
[8, 100, 100] 
[9, 100, 100] 
[1, 100, 100] 
[2, 100, 100] 
[3, 100, 100] 
[4, 100, 100] 
[5, 100, 100] 
[6, 100, 100] 
[7, 100, 100] 
[8, 100, 100] 
[9, 100, 100] 
[10, 100, 100] 
[11, 100, 100] 
[12, 100, 100] 
[13, 100, 100] 
[14, 100, 100] 
[1, 100, 100] 
[2, 100, 100] 
[3, 100, 100] 
[4, 100, 100] 
[5, 100, 100] 
[6, 100, 100] 
[7, 100, 100] 
[8, 100, 100] 
[9, 100, 100] 
[10, 100, 100] 
[11, 100, 100] 
[12, 100, 100] 
[13, 100, 100] 
[14, 100, 100] 
[15, 100, 100] 
[16, 100, 100] 
[17, 100, 100] 
[18, 100, 100] 
[19, 100, 100] 
[20, 100, 100] 
[21, 100, 100] 
[1, 100, 100] 
[2, 100, 100] 
[3, 100, 100] 
[1, 100, 100] 
[2, 100, 100] 
[3, 100, 100] 
[4, 100, 100] 
[5, 100, 100] 
[1, 100, 100] 
[2, 100, 100] 
[3, 100, 100] 
[4, 100, 100] 
[5, 100, 100] 
[1, 100, 100] 
[2, 100, 100] 
[3, 100, 100] 
[1, 100, 100] 
[2, 100, 100] 
[1, 100, 100] 
[2, 100, 100] 
[3, 100, 100] 
[4, 100, 100] 
[5, 100, 100] 
[6, 100, 100] 
[1, 100, 100] 
[2, 100, 100] 
[3, 100, 100] 
[4, 100, 100] 
[5, 100, 100] 
[6, 100, 100] 
[7, 100, 100] 
[8, 100, 100] 
[9, 100, 100] 
[10, 100, 100] 
[11, 100, 100] 
[1, 100, 100] 
[2, 100, 100] 
[3, 100, 100] 
[4, 100, 100] 
[5, 100, 100] 
[6, 100, 100] 
[7, 100, 100] 
[8, 100, 100] 
[9, 100, 100] 
[10, 100, 100] 
[11, 100, 100] 
[1, 100, 100] 
[2, 100, 100] 
[3, 100, 100] 
[4, 100, 100] 
[5, 100, 100] 
[6, 100, 100] 
[7, 100, 100] 
[1, 100, 100] 
[2, 100, 100] 
[3, 100, 100] 
[4, 100, 100] 
[5, 100, 100] 
[6, 100, 100] 
[1, 100, 100] 
[2, 100, 100] 
[3, 100, 100] 
[4, 100, 100] 
[1, 100, 100] 
[2, 100, 100] 
[3, 100, 100] 
[4, 100, 100] 
[5, 100, 100] 
[6, 100, 100] 
[7, 100, 100] 
[8, 100, 100] 
[9, 100, 100] 
[1, 100, 100] 
[2, 100, 100] 
[3, 100, 100] 
[4, 100, 100] 
[5, 100, 100] 
[6, 100, 100] 
[7, 100, 100] 
[8, 100, 100] 
[9, 100, 100] 
[10, 100, 100] 
[11, 100, 100] 
[12, 100, 100] 
[13, 100, 100] 
[14, 100, 100] 
[15, 100, 100] 
[16, 100, 100] 
[17, 100, 100] 
[18, 100, 100] 
[19, 100, 100] 
[20, 100, 100] 
[21, 100, 100] 
[22, 100, 100] 
[1, 100, 100] 
[2, 100, 100] 
[3, 100, 100] 
[4, 100, 100] 
[5, 100, 100] 
[6, 100, 100] 
[7, 100, 100] 
[8, 100, 100] 
[9, 100, 100] 
[10, 100, 100] 
[11, 100, 100] 
[12, 100, 100] 
[13, 100, 100] 
[14, 100, 100] 
[15, 100, 100] 
[16, 100, 100] 
[17, 100, 100] 
[18, 100, 100] 
[19, 100, 100] 
[20, 100, 100] 
[21, 100, 100] 
[1, 100, 100] 
[2, 100, 100] 
[3, 100, 100] 
[4, 100, 100] 
[5, 100, 100] 
[6, 100, 100] 
[7, 100, 100] 
[8, 100, 100] 
[9, 100, 100] 
[10, 100, 100] 
[11, 100, 100] 
[1, 100, 100] 
[2, 100, 100] 
[3, 100, 100] 
[4, 100, 100] 
[5, 100, 100] 
[6, 100, 100] 
[7, 100, 100] 
[8, 100, 100] 
[9, 100, 100] 
[10, 100, 100] 
[1, 100, 100] 
[2, 100, 100] 
[3, 100, 100] 
[4, 100, 100] 
[5, 100, 100] 
[6, 100, 100] 
[7, 100, 100] 
[8, 100, 100] 
[9, 100, 100] 
[10, 100, 100] 
[11, 100, 100] 
[12, 100, 100] 
[1, 100, 100] 
[2, 100, 100] 
[3, 100, 100] 
[4, 100, 100] 
[5, 100, 100] 
[6, 100, 100] 
[7, 100, 100] 
[8, 100, 100] 
[9, 100, 100] 
[10, 100, 100] 
[11, 100, 100] 
[12, 100, 100] 
[13, 100, 100] 
[1, 100, 100] 
[2, 100, 100] 
[3, 100, 100] 
[4, 100, 100] 
[5, 100, 100] 
[6, 100, 100] 
[7, 100, 100] 
[8, 100, 100] 
[9, 100, 100] 
[10, 100, 100] 
[11, 100, 100] 
[12, 100, 100] 
[13, 100, 100] 
[14, 100, 100] 
[15, 100, 100] 
[16, 100, 100] 
[17, 100, 100] 
[1, 100, 100] 
[2, 100, 100] 
[3, 100, 100] 
[1, 100, 100] 
[2, 100, 100] 
[3, 100, 100] 
[4, 100, 100] 
[5, 100, 100] 
[6, 100, 100] 
[7, 100, 100] 
[8, 100, 100] 
[9, 100, 100] 
[10, 100, 100] 
[11, 100, 100] 
[12, 100, 100] 
[13, 100, 100] 
[1, 100, 100] 
[2, 100, 100] 
[3, 100, 100] 
[4, 100, 100] 
[5, 100, 100] 
[6, 100, 100] 
[7, 100, 100] 
[1, 100, 100] 
[2, 100, 100] 
[1, 100, 100] 
[2, 100, 100] 
[3, 100, 100] 
[4, 100, 100] 
[5, 100, 100] 
[6, 100, 100] 
[7, 100, 100] 
[8, 100, 100] 
[9, 100, 100] 
[10, 100, 100] 
[11, 100, 100] 
[12, 100, 100] 
[1, 100, 100] 
[2, 100, 100] 
[3, 100, 100] 
[4, 100, 100] 
[1, 100, 100] 
[2, 100, 100] 
[3, 100, 100] 
[4, 100, 100] 
[1, 100, 100] 
[2, 100, 100] 
[3, 100, 100] 
[4, 100, 100] 
[5, 100, 100] 
[6, 100, 100] 
[1, 100, 100] 
[2, 100, 100] 
[3, 100, 100] 
[1, 100, 100] 
[2, 100, 100] 
[3, 100, 100] 
[4, 100, 100] 
[5, 100, 100] 
[6, 100, 100] 
[7, 100, 100] 
[8, 100, 100] 
[9, 100, 100] 
[10, 100, 100] 
[11, 100, 100] 
[1, 100, 100] 
[2, 100, 100] 
[3, 100, 100] 
[4, 100, 100] 
[5, 100, 100] 
[6, 100, 100] 
[7, 100, 100] 
[8, 100, 100] 
[9, 100, 100] 
[10, 100, 100] 
[11, 100, 100] 
[12, 100, 100] 
[13, 100, 100] 
[14, 100, 100] 
[15, 100, 100] 
[16, 100, 100] 
[1, 100, 100] 
[2, 100, 100] 
[3, 100, 100] 
[4, 100, 100] 
[1, 100, 100] 
[2, 100, 100] 
[3, 100, 100] 
[4, 100, 100] 
[5, 100, 100] 
[6, 100, 100] 
[7, 100, 100] 
[8, 100, 100] 
[9, 100, 100] 
[10, 100, 100] 
[11, 100, 100] 
[12, 100, 100] 
[13, 100, 100] 
[1, 100, 100] 
[2, 100, 100] 
[3, 100, 100] 
[4, 100, 100] 
[5, 100, 100] 
[6, 100, 100] 
[7, 100, 100] 
[8, 100, 100] 
[9, 100, 100] 
[10, 100, 100] 
[11, 100, 100] 
[1, 100, 100] 
[2, 100, 100] 
[3, 100, 100] 
[4, 100, 100] 
[5, 100, 100] 
[6, 100, 100] 
[7, 100, 100] 
[1, 100, 100] 
[2, 100, 100] 
[3, 100, 100] 
[4, 100, 100] 
[5, 100, 100] 
[6, 100, 100] 
[7, 100, 100] 
[8, 100, 100] 
[9, 100, 100] 
[10, 100, 100] 
[11, 100, 100] 
[12, 100, 100] 
[13, 100, 100] 
[14, 100, 100] 
[15, 100, 100] 
[16, 100, 100] 
[17, 100, 100] 
[18, 100, 100] 
[19, 100, 100] 
[1, 100, 100] 
[2, 100, 100] 
[3, 100, 100] 
[4, 100, 100] 
[5, 100, 100] 
[1, 100, 100] 
[2, 100, 100] 
[3, 100, 100] 
[1, 100, 100] 
[2, 100, 100] 
[3, 100, 100] 
[4, 100, 100] 
[5, 100, 100] 
[6, 100, 100] 
[1, 100, 100] 
[2, 100, 100] 
[3, 100, 100] 
[4, 100, 100] 
[5, 100, 100] 
[6, 100, 100] 
[7, 100, 100] 
[8, 100, 100] 
[9, 100, 100] 
[10, 100, 100] 
[11, 100, 100] 
[12, 100, 100] 
[13, 100, 100] 
[14, 100, 100] 
[15, 100, 100] 
[16, 100, 100] 
[17, 100, 100] 
[1, 100, 100] 
[2, 100, 100] 
[3, 100, 100] 
[4, 100, 100] 
[5, 100, 100] 
[6, 100, 100] 
[7, 100, 100] 
[8, 100, 100] 
[9, 100, 100] 
[10, 100, 100] 
[11, 100, 100] 
[1, 100, 100] 
[2, 100, 100] 
[3, 100, 100] 
[4, 100, 100] 
[5, 100, 100] 
[6, 100, 100] 
[7, 100, 100] 
[8, 100, 100] 
[9, 100, 100] 
[10, 100, 100] 
[11, 100, 100] 
[12, 100, 100] 
[13, 100, 100] 
[14, 100, 100] 
[15, 100, 100] 
[1, 100, 100] 
[2, 100, 100] 
[3, 100, 100] 
[4, 100, 100] 
[5, 100, 100] 
[6, 100, 100] 
[7, 100, 100] 
[8, 100, 100] 
[9, 100, 100] 
[10, 100, 100] 
[11, 100, 100] 
[12, 100, 100] 
[13, 100, 100] 
[14, 100, 100] 
[15, 100, 100] 
[1, 100, 100] 
[2, 100, 100] 
[3, 100, 100] 
[4, 100, 100] 
[5, 100, 100] 
[6, 100, 100] 
[1, 100, 100] 
[2, 100, 100] 
[3, 100, 100] 
[4, 100, 100] 
[5, 100, 100] 
[6, 100, 100] 
[7, 100, 100] 
[8, 100, 100] 
[9, 100, 100] 
[10, 100, 100] 
[11, 100, 100] 
[12, 100, 100] 
[13, 100, 100] 
[14, 100, 100] 
[15, 100, 100] 
[16, 100, 100] 
[1, 100, 100] 
[2, 100, 100] 
[3, 100, 100] 
[4, 100, 100] 
[5, 100, 100] 
[6, 100, 100] 
[7, 100, 100] 
[8, 100, 100] 
[9, 100, 100] 
[10, 100, 100] 
[1, 100, 100] 
[2, 100, 100] 
[3, 100, 100] 
[4, 100, 100] 
[5, 100, 100] 
[6, 100, 100] 
[7, 100, 100] 
[8, 100, 100] 
[9, 100, 100] 
[10, 100, 100] 
[11, 100, 100] 
[12, 100, 100] 
[13, 100, 100] 
[14, 100, 100] 
[15, 100, 100] 
[16, 100, 100] 
[17, 100, 100] 
[18, 100, 100] 
[19, 100, 100] 
[20, 100, 100] 
[1, 100, 100] 
[2, 100, 100] 
[3, 100, 100] 
[4, 100, 100] 
[5, 100, 100] 
[6, 100, 100] 
[7, 100, 100] 
[8, 100, 100] 
[9, 100, 100] 
[10, 100, 100] 
[11, 100, 100] 
[12, 100, 100] 
[13, 100, 100] 
[14, 100, 100] 
[15, 100, 100] 
[16, 100, 100] 
[17, 100, 100] 
[18, 100, 100] 
[1, 100, 100] 
[2, 100, 100] 
[3, 100, 100] 
[4, 100, 100] 
[5, 100, 100] 
[6, 100, 100] 
[7, 100, 100] 
[8, 100, 100] 
[9, 100, 100] 
[10, 100, 100] 
[11, 100, 100] 
[12, 100, 100] 
[13, 100, 100] 
[14, 100, 100] 
[15, 100, 100] 
[16, 100, 100] 
[17, 100, 100] 
[18, 100, 100] 
[1, 100, 100] 
[2, 100, 100] 
[3, 100, 100] 
[4, 100, 100] 
[5, 100, 100] 
[6, 100, 100] 
[7, 100, 100] 
[8, 100, 100] 
[1, 100, 100] 
[2, 100, 100] 
[1, 100, 100] 
[2, 100, 100] 
[3, 100, 100] 
[4, 100, 100] 
[5, 100, 100] 
[6, 100, 100] 
[7, 100, 100] 
[8, 100, 100] 
[9, 100, 100] 
[10, 100, 100] 
[11, 100, 100] 
[12, 100, 100] 
[13, 100, 100] 
[14, 100, 100] 
[15, 100, 100] 
[16, 100, 100] 
[17, 100, 100] 
[18, 100, 100] 
[19, 100, 100] 
[20, 100, 100] 
[21, 100, 100] 
[22, 100, 100] 
[1, 100, 100] 
[2, 100, 100] 
[3, 100, 100] 
[4, 100, 100] 
[5, 100, 100] 
[6, 100, 100] 
[7, 100, 100] 
[8, 100, 100] 
[9, 100, 100] 
[10, 100, 100] 
[11, 100, 100] 
[12, 100, 100] 
[13, 100, 100] 
[14, 100, 100] 
[15, 100, 100] 
[1, 100, 100] 
[2, 100, 100] 
[3, 100, 100] 
[4, 100, 100] 
[5, 100, 100] 
[6, 100, 100] 
[7, 100, 100] 
[1, 100, 100] 
[2, 100, 100] 
[3, 100, 100] 
[4, 100, 100] 
[5, 100, 100] 
[6, 100, 100] 
[7, 100, 100] 
[8, 100, 100] 
[1, 100, 100] 
[2, 100, 100] 
[3, 100, 100] 
[4, 100, 100] 
[1, 100, 100] 
[2, 100, 100] 
[3, 100, 100] 
[1, 100, 100] 
[2, 100, 100] 
[3, 100, 100] 
[1, 100, 100] 
[2, 100, 100] 
[3, 100, 100] 
[4, 100, 100] 
[5, 100, 100] 
[6, 100, 100] 
[7, 100, 100] 
[8, 100, 100] 
[1, 100, 100] 
[2, 100, 100] 
[3, 100, 100] 
[4, 100, 100] 
[5, 100, 100] 
[6, 100, 100] 
[7, 100, 100] 
[8, 100, 100] 
[9, 100, 100] 
[10, 100, 100] 
[11, 100, 100] 
[12, 100, 100] 
[13, 100, 100] 
[14, 100, 100] 
[15, 100, 100] 
[16, 100, 100] 
[17, 100, 100] 
[18, 100, 100] 
[19, 100, 100] 
[20, 100, 100] 
[1, 100, 100] 
[2, 100, 100] 
[3, 100, 100] 
[4, 100, 100] 
[5, 100, 100] 
[6, 100, 100] 
[7, 100, 100] 
[8, 100, 100] 
[9, 100, 100] 
[10, 100, 100] 
[11, 100, 100] 
[12, 100, 100] 
[13, 100, 100] 
[14, 100, 100] 
[15, 100, 100] 
[16, 100, 100] 
[17, 100, 100] 
[18, 100, 100] 
[1, 100, 100] 
[2, 100, 100] 
[3, 100, 100] 
[4, 100, 100] 
[5, 100, 100] 
[6, 100, 100] 
[7, 100, 100] 
[8, 100, 100] 
[1, 100, 100] 
[2, 100, 100] 
[3, 100, 100] 
[4, 100, 100] 
[5, 100, 100] 
[6, 100, 100] 
[7, 100, 100] 
[8, 100, 100] 
[9, 100, 100] 
[10, 100, 100] 
[11, 100, 100] 
[12, 100, 100] 
[13, 100, 100] 
[1, 100, 100] 
[2, 100, 100] 
[3, 100, 100] 
[4, 100, 100] 
[5, 100, 100] 
[6, 100, 100] 
[7, 100, 100] 
[8, 100, 100] 
[9, 100, 100] 
[10, 100, 100] 
[11, 100, 100] 
[12, 100, 100] 
[13, 100, 100] 
[14, 100, 100] 
[15, 100, 100] 
[16, 100, 100] 
[17, 100, 100] 
[18, 100, 100] 
[19, 100, 100] 
[20, 100, 100] 
[21, 100, 100] 
[22, 100, 100] 
[23, 100, 100] 
[24, 100, 100] 
[25, 100, 100] 
[26, 100, 100] 
[27, 100, 100] 
[28, 100, 100] 
[29, 100, 100] 
[1, 100, 100] 
[2, 100, 100] 
[3, 100, 100] 
[4, 100, 100] 
[5, 100, 100] 
[6, 100, 100] 
[7, 100, 100] 
[8, 100, 100] 
[9, 100, 100] 
[10, 100, 100] 
[11, 100, 100] 
[12, 100, 100] 
[13, 100, 100] 
[1, 100, 100] 
[2, 100, 100] 
[1, 100, 100] 
[2, 100, 100] 
[3, 100, 100] 
[4, 100, 100] 
[5, 100, 100] 
[6, 100, 100] 
[7, 100, 100] 
[8, 100, 100] 
[9, 100, 100] 
[10, 100, 100] 
[11, 100, 100] 
[12, 100, 100] 
[13, 100, 100] 
[14, 100, 100] 
[15, 100, 100] 
[16, 100, 100] 
[17, 100, 100] 
[18, 100, 100] 
[19, 100, 100] 
[20, 100, 100] 
[21, 100, 100] 
[22, 100, 100] 
[23, 100, 100] 
[24, 100, 100] 
[25, 100, 100] 
[26, 100, 100] 
[27, 100, 100] 
[28, 100, 100] 
[1, 100, 100] 
[2, 100, 100] 
[3, 100, 100] 
[4, 100, 100] 
[5, 100, 100] 
[6, 100, 100] 
[1, 100, 100] 
[2, 100, 100] 
[3, 100, 100] 
[4, 100, 100] 
[5, 100, 100] 
[6, 100, 100] 
[1, 100, 100] 
[2, 100, 100] 
[3, 100, 100] 
[4, 100, 100] 
[5, 100, 100] 
[6, 100, 100] 
[7, 100, 100] 
[8, 100, 100] 
[9, 100, 100] 
[10, 100, 100] 
[1, 100, 100] 
[2, 100, 100] 
[3, 100, 100] 
[4, 100, 100] 
[5, 100, 100] 
[6, 100, 100] 
[1, 100, 100] 
[2, 100, 100] 
[3, 100, 100] 
[1, 100, 100] 
[2, 100, 100] 
[3, 100, 100] 
[4, 100, 100] 
[1, 100, 100] 
[2, 100, 100] 
[3, 100, 100] 
[4, 100, 100] 
[5, 100, 100] 
[6, 100, 100] 
[7, 100, 100] 
[8, 100, 100] 
[9, 100, 100] 
[1, 100, 100] 
[2, 100, 100] 
[3, 100, 100] 
[4, 100, 100] 
[1, 100, 100] 
[2, 100, 100] 
[3, 100, 100] 
[4, 100, 100] 
[5, 100, 100] 
[6, 100, 100] 
[7, 100, 100] 
[8, 100, 100] 
[9, 100, 100] 
[10, 100, 100] 
[1, 100, 100] 
[2, 100, 100] 
[3, 100, 100] 
[4, 100, 100] 
[1, 100, 100] 
[2, 100, 100] 
[3, 100, 100] 
[4, 100, 100] 
[5, 100, 100] 
[6, 100, 100] 
[7, 100, 100] 
[8, 100, 100] 
[9, 100, 100] 
[10, 100, 100] 
[11, 100, 100] 
[1, 100, 100] 
[2, 100, 100] 
[3, 100, 100] 
[4, 100, 100] 
[1, 100, 100] 
[2, 100, 100] 
[3, 100, 100] 
[4, 100, 100] 
[5, 100, 100] 
[6, 100, 100] 
[7, 100, 100] 
[8, 100, 100] 
[9, 100, 100] 
[10, 100, 100] 
[11, 100, 100] 
[1, 100, 100] 
[2, 100, 100] 
[3, 100, 100] 
[1, 100, 100] 
[2, 100, 100] 
[3, 100, 100] 
[4, 100, 100] 
[5, 100, 100] 
[6, 100, 100] 
[7, 100, 100] 
[1, 100, 100] 
[2, 100, 100] 
[3, 100, 100] 
[4, 100, 100] 
[5, 100, 100] 
[6, 100, 100] 
[7, 100, 100] 
[8, 100, 100] 
[9, 100, 100] 
[10, 100, 100] 
[11, 100, 100] 
[12, 100, 100] 
[13, 100, 100] 
[14, 100, 100] 
[15, 100, 100] 
[1, 100, 100] 
[2, 100, 100] 
[3, 100, 100] 
[4, 100, 100] 
[5, 100, 100] 
[6, 100, 100] 
[7, 100, 100] 
[8, 100, 100] 
[9, 100, 100] 
[10, 100, 100] 
[11, 100, 100] 
[12, 100, 100] 
[13, 100, 100] 
[14, 100, 100] 
[15, 100, 100] 
[16, 100, 100] 
[1, 100, 100] 
[2, 100, 100] 
[3, 100, 100] 
[4, 100, 100] 
[5, 100, 100] 
[6, 100, 100] 
[7, 100, 100] 
[8, 100, 100] 
[9, 100, 100] 
[10, 100, 100] 
[11, 100, 100] 
[12, 100, 100] 
[13, 100, 100] 
[14, 100, 100] 
[15, 100, 100] 
[16, 100, 100] 
[17, 100, 100] 
[18, 100, 100] 
[19, 100, 100] 
[20, 100, 100] 
[21, 100, 100] 
[22, 100, 100] 
[23, 100, 100] 
[24, 100, 100] 
[25, 100, 100] 
[1, 100, 100] 
[2, 100, 100] 
[3, 100, 100] 
[4, 100, 100] 
[5, 100, 100] 
[6, 100, 100] 
[7, 100, 100] 
[8, 100, 100] 
[9, 100, 100] 
[10, 100, 100] 
[11, 100, 100] 
[12, 100, 100] 
[13, 100, 100] 
[14, 100, 100] 
[15, 100, 100] 
[16, 100, 100] 
[17, 100, 100] 
[18, 100, 100] 
[19, 100, 100] 
[20, 100, 100] 
[21, 100, 100] 
[22, 100, 100] 
[23, 100, 100] 
[24, 100, 100] 
[25, 100, 100] 
[26, 100, 100] 
[1, 100, 100] 
[2, 100, 100] 
[3, 100, 100] 
[4, 100, 100] 
[5, 100, 100] 
[6, 100, 100] 
[7, 100, 100] 
[8, 100, 100] 
[9, 100, 100] 
[10, 100, 100] 
[11, 100, 100] 
[12, 100, 100] 
[13, 100, 100] 
[14, 100, 100] 
[15, 100, 100] 
[16, 100, 100] 
[17, 100, 100] 
[1, 100, 100] 
[2, 100, 100] 
[3, 100, 100] 
[4, 100, 100] 
[5, 100, 100] 
[6, 100, 100] 
[7, 100, 100] 
[8, 100, 100] 
[1, 100, 100] 
[2, 100, 100] 
[3, 100, 100] 
[4, 100, 100] 
[5, 100, 100] 
[6, 100, 100] 
[1, 100, 100] 
[2, 100, 100] 
[3, 100, 100] 
[4, 100, 100] 
[1, 100, 100] 
[2, 100, 100] 
[3, 100, 100] 
[4, 100, 100] 
[5, 100, 100] 
[6, 100, 100] 
[7, 100, 100] 
[8, 100, 100] 
[9, 100, 100] 
[10, 100, 100] 
[11, 100, 100] 
[12, 100, 100] 
[13, 100, 100] 
[14, 100, 100] 
[1, 100, 100] 
[2, 100, 100] 
[3, 100, 100] 
[4, 100, 100] 
[5, 100, 100] 
[6, 100, 100] 
[7, 100, 100] 
[8, 100, 100] 
[9, 100, 100] 
[10, 100, 100] 
[11, 100, 100] 
[1, 100, 100] 
[2, 100, 100] 
[3, 100, 100] 
[4, 100, 100] 
[5, 100, 100] 
[6, 100, 100] 
[7, 100, 100] 
[8, 100, 100] 
[9, 100, 100] 
[10, 100, 100] 
[11, 100, 100] 
[12, 100, 100] 
[13, 100, 100] 
[14, 100, 100] 
[15, 100, 100] 
[16, 100, 100] 
[17, 100, 100] 
[18, 100, 100] 
[19, 100, 100] 
[20, 100, 100] 
[21, 100, 100] 
[22, 100, 100] 
[23, 100, 100] 
[24, 100, 100] 
[25, 100, 100] 
[26, 100, 100] 
[27, 100, 100] 
[28, 100, 100] 
[29, 100, 100] 
[30, 100, 100] 
[31, 100, 100] 
[1, 100, 100] 
[2, 100, 100] 
[3, 100, 100] 
[4, 100, 100] 
[5, 100, 100] 
[6, 100, 100] 
[7, 100, 100] 
[8, 100, 100] 
[9, 100, 100] 
[10, 100, 100] 
[11, 100, 100] 
[12, 100, 100] 
[13, 100, 100] 
[14, 100, 100] 
[1, 100, 100] 
[2, 100, 100] 
[3, 100, 100] 
[4, 100, 100] 
[1, 100, 100] 
[2, 100, 100] 
[3, 100, 100] 
[4, 100, 100] 
[1, 100, 100] 
[2, 100, 100] 
[3, 100, 100] 
[4, 100, 100] 
[5, 100, 100] 
[6, 100, 100] 
[7, 100, 100] 
[8, 100, 100] 
[9, 100, 100] 
[10, 100, 100] 
[11, 100, 100] 
[1, 100, 100] 
[2, 100, 100] 
[3, 100, 100] 
[4, 100, 100] 
[5, 100, 100] 
[1, 100, 100] 
[2, 100, 100] 
[3, 100, 100] 
[4, 100, 100] 
[5, 100, 100] 
[6, 100, 100] 
[1, 100, 100] 
[2, 100, 100] 
[3, 100, 100] 
[4, 100, 100] 
[5, 100, 100] 
[6, 100, 100] 
[7, 100, 100] 
[8, 100, 100] 
[9, 100, 100] 
[10, 100, 100] 
[1, 100, 100] 
[2, 100, 100] 
[3, 100, 100] 
[4, 100, 100] 
[5, 100, 100] 
[6, 100, 100] 
[7, 100, 100] 
[8, 100, 100] 
[9, 100, 100] 
[10, 100, 100] 
[11, 100, 100] 
[12, 100, 100] 
[13, 100, 100] 
[14, 100, 100] 
[15, 100, 100] 
[16, 100, 100] 
[17, 100, 100] 
[18, 100, 100] 
[19, 100, 100] 
[20, 100, 100] 
[21, 100, 100] 
[22, 100, 100] 
[23, 100, 100] 
[1, 100, 100] 
[2, 100, 100] 
[3, 100, 100] 
[4, 100, 100] 
[5, 100, 100] 
[6, 100, 100] 
[1, 100, 100] 
[2, 100, 100] 
[3, 100, 100] 
[4, 100, 100] 
[5, 100, 100] 
[6, 100, 100] 
[7, 100, 100] 
[8, 100, 100] 
[9, 100, 100] 
[10, 100, 100] 
[11, 100, 100] 
[12, 100, 100] 
[13, 100, 100] 
[14, 100, 100] 
[15, 100, 100] 
[1, 100, 100] 
[2, 100, 100] 
[3, 100, 100] 
[4, 100, 100] 
[5, 100, 100] 
[6, 100, 100] 
[7, 100, 100] 
[8, 100, 100] 
[9, 100, 100] 
[10, 100, 100] 
[11, 100, 100] 
[12, 100, 100] 
[1, 100, 100] 
[2, 100, 100] 
[3, 100, 100] 
[4, 100, 100] 
[5, 100, 100] 
[6, 100, 100] 
[7, 100, 100] 
[8, 100, 100] 
[9, 100, 100] 
[10, 100, 100] 
[11, 100, 100] 
[1, 100, 100] 
[2, 100, 100] 
[3, 100, 100] 
[4, 100, 100] 
[5, 100, 100] 
[6, 100, 100] 
[7, 100, 100] 
[1, 100, 100] 
[2, 100, 100] 
[3, 100, 100] 
[4, 100, 100] 
[5, 100, 100] 
[6, 100, 100] 
[7, 100, 100] 
[8, 100, 100] 
[9, 100, 100] 
[10, 100, 100] 
[11, 100, 100] 
[12, 100, 100] 
[13, 100, 100] 
[14, 100, 100] 
[15, 100, 100] 
[16, 100, 100] 
[17, 100, 100] 
[18, 100, 100] 
[1, 100, 100] 
[2, 100, 100] 
[3, 100, 100] 
[4, 100, 100] 
[5, 100, 100] 
[6, 100, 100] 
[7, 100, 100] 
[8, 100, 100] 
[9, 100, 100] 
[10, 100, 100] 
[11, 100, 100] 
[12, 100, 100] 
[13, 100, 100] 
[14, 100, 100] 
[15, 100, 100] 
[16, 100, 100] 
[17, 100, 100] 
[18, 100, 100] 
[19, 100, 100] 
[20, 100, 100] 
[1, 100, 100] 
[2, 100, 100] 
[3, 100, 100] 
[4, 100, 100] 
[5, 100, 100] 
[1, 100, 100] 
[2, 100, 100] 
[3, 100, 100] 
[4, 100, 100] 
[5, 100, 100] 
[6, 100, 100] 
[1, 100, 100] 
[2, 100, 100] 
[3, 100, 100] 
[4, 100, 100] 
[5, 100, 100] 
[6, 100, 100] 
[7, 100, 100] 
[8, 100, 100] 
[9, 100, 100] 
[10, 100, 100] 
[11, 100, 100] 
[12, 100, 100] 
[13, 100, 100] 
[14, 100, 100] 
[15, 100, 100] 
[16, 100, 100] 
[17, 100, 100] 
[1, 100, 100] 
[2, 100, 100] 
[3, 100, 100] 
[1, 100, 100] 
[2, 100, 100] 
[3, 100, 100] 
[4, 100, 100] 
[5, 100, 100] 
[6, 100, 100] 
[7, 100, 100] 
[8, 100, 100] 
[9, 100, 100] 
[10, 100, 100] 
[1, 100, 100] 
[2, 100, 100] 
[3, 100, 100] 
[4, 100, 100] 
[5, 100, 100] 
[6, 100, 100] 
[7, 100, 100] 
[8, 100, 100] 
[9, 100, 100] 
[10, 100, 100] 
[11, 100, 100] 
[1, 100, 100] 
[2, 100, 100] 
[3, 100, 100] 
[4, 100, 100] 
[1, 100, 100] 
[2, 100, 100] 
[3, 100, 100] 
[4, 100, 100] 
[5, 100, 100] 
[6, 100, 100] 
[7, 100, 100] 
[8, 100, 100] 
[9, 100, 100] 
[10, 100, 100] 
[11, 100, 100] 
[12, 100, 100] 
[1, 100, 100] 
[2, 100, 100] 
[1, 100, 100] 
[2, 100, 100] 
[1, 100, 100] 
[2, 100, 100] 
[3, 100, 100] 
[4, 100, 100] 
[5, 100, 100] 
[6, 100, 100] 
[7, 100, 100] 
[8, 100, 100] 
[9, 100, 100] 
[10, 100, 100] 
[1, 100, 100] 
[2, 100, 100] 
[3, 100, 100] 
[4, 100, 100] 
[5, 100, 100] 
[6, 100, 100] 
[7, 100, 100] 
[8, 100, 100] 
[1, 100, 100] 
[2, 100, 100] 
[3, 100, 100] 
[4, 100, 100] 
[1, 100, 100] 
[2, 100, 100] 
[3, 100, 100] 
[4, 100, 100] 
[5, 100, 100] 
[6, 100, 100] 
[7, 100, 100] 
[8, 100, 100] 
[9, 100, 100] 
[10, 100, 100] 
[11, 100, 100] 
[12, 100, 100] 
[13, 100, 100] 
[14, 100, 100] 
[15, 100, 100] 
[16, 100, 100] 
[17, 100, 100] 
[18, 100, 100] 
[1, 100, 100] 
[2, 100, 100] 
[3, 100, 100] 
[4, 100, 100] 
[5, 100, 100] 
[6, 100, 100] 
[7, 100, 100] 
[8, 100, 100] 
[9, 100, 100] 
[10, 100, 100] 
[11, 100, 100] 
[12, 100, 100] 
[13, 100, 100] 
[1, 100, 100] 
[2, 100, 100] 
[3, 100, 100] 
[4, 100, 100] 
[5, 100, 100] 
[6, 100, 100] 
[7, 100, 100] 
[8, 100, 100] 
[1, 100, 100] 
[2, 100, 100] 
[3, 100, 100] 
[4, 100, 100] 
[5, 100, 100] 
[6, 100, 100] 
[1, 100, 100] 
[2, 100, 100] 
[3, 100, 100] 
[4, 100, 100] 
[5, 100, 100] 
[6, 100, 100] 
[7, 100, 100] 
[8, 100, 100] 
[9, 100, 100] 
[10, 100, 100] 
[11, 100, 100] 
[12, 100, 100] 
[13, 100, 100] 
[14, 100, 100] 
[15, 100, 100] 
[16, 100, 100] 
[17, 100, 100] 
[18, 100, 100] 
[19, 100, 100] 
[1, 100, 100] 
[2, 100, 100] 
[3, 100, 100] 
[4, 100, 100] 
[5, 100, 100] 
[6, 100, 100] 
[7, 100, 100] 
[8, 100, 100] 
[9, 100, 100] 
[10, 100, 100] 
[11, 100, 100] 
[1, 100, 100] 
[2, 100, 100] 
[3, 100, 100] 
[4, 100, 100] 
[5, 100, 100] 
[1, 100, 100] 
[2, 100, 100] 
[3, 100, 100] 
[4, 100, 100] 
[5, 100, 100] 
[6, 100, 100] 
[7, 100, 100] 
[8, 100, 100] 
[1, 100, 100] 
[2, 100, 100] 
[3, 100, 100] 
[4, 100, 100] 
[5, 100, 100] 
[6, 100, 100] 
[7, 100, 100] 
[8, 100, 100] 
[9, 100, 100] 
[10, 100, 100] 
[11, 100, 100] 
[12, 100, 100] 
[13, 100, 100] 
[14, 100, 100] 
[1, 100, 100] 
[2, 100, 100] 
[3, 100, 100] 
[4, 100, 100] 
[1, 100, 100] 
[2, 100, 100] 
[3, 100, 100] 
[4, 100, 100] 
[5, 100, 100] 
[6, 100, 100] 
[7, 100, 100] 
[8, 100, 100] 
[9, 100, 100] 
[10, 100, 100] 
[11, 100, 100] 
[12, 100, 100] 
[13, 100, 100] 
[14, 100, 100] 
[15, 100, 100] 
[1, 100, 100] 
[2, 100, 100] 
[3, 100, 100] 
[4, 100, 100] 
[5, 100, 100] 
[6, 100, 100] 
[7, 100, 100] 
[8, 100, 100] 
[9, 100, 100] 
[1, 100, 100] 
[2, 100, 100] 
[3, 100, 100] 
[4, 100, 100] 
[5, 100, 100] 
[6, 100, 100] 
[7, 100, 100] 
[8, 100, 100] 
[9, 100, 100] 
[10, 100, 100] 
[11, 100, 100] 
[12, 100, 100] 
[13, 100, 100] 
[1, 100, 100] 
[2, 100, 100] 
[3, 100, 100] 
[4, 100, 100] 
[5, 100, 100] 
[6, 100, 100] 
[7, 100, 100] 
[8, 100, 100] 
[9, 100, 100] 
[10, 100, 100] 
[11, 100, 100] 
[12, 100, 100] 
[1, 100, 100] 
[2, 100, 100] 
[3, 100, 100] 
[4, 100, 100] 
[5, 100, 100] 
[6, 100, 100] 
[7, 100, 100] 
[8, 100, 100] 
[1, 100, 100] 
[2, 100, 100] 
[3, 100, 100] 
[4, 100, 100] 
[5, 100, 100] 
[6, 100, 100] 
[7, 100, 100] 
[8, 100, 100] 
[9, 100, 100] 
[1, 100, 100] 
[2, 100, 100] 
[3, 100, 100] 
[4, 100, 100] 
[5, 100, 100] 
[6, 100, 100] 
[7, 100, 100] 
[8, 100, 100] 
[9, 100, 100] 
[10, 100, 100] 
[1, 100, 100] 
[2, 100, 100] 
[3, 100, 100] 
[4, 100, 100] 
[5, 100, 100] 
[6, 100, 100] 
[7, 100, 100] 
[8, 100, 100] 
[9, 100, 100] 
[10, 100, 100] 
[11, 100, 100] 
[1, 100, 100] 
[2, 100, 100] 
[3, 100, 100] 
[4, 100, 100] 
[5, 100, 100] 
[6, 100, 100] 
[7, 100, 100] 
[8, 100, 100] 
[9, 100, 100] 
[10, 100, 100] 
[11, 100, 100] 
[12, 100, 100] 
[13, 100, 100] 
[14, 100, 100] 
[15, 100, 100] 
[16, 100, 100] 
[17, 100, 100] 
[18, 100, 100] 
[19, 100, 100] 
[20, 100, 100] 
[21, 100, 100] 
[22, 100, 100] 
[23, 100, 100] 
[24, 100, 100] 
[25, 100, 100] 
[26, 100, 100] 
[27, 100, 100] 
[1, 100, 100] 
[2, 100, 100] 
[1, 100, 100] 
[2, 100, 100] 
[1, 100, 100] 
[2, 100, 100] 
[1, 100, 100] 
[2, 100, 100] 
[3, 100, 100] 
[4, 100, 100] 
[5, 100, 100] 
[6, 100, 100] 
[7, 100, 100] 
[8, 100, 100] 
[9, 100, 100] 
[10, 100, 100] 
[11, 100, 100] 
[12, 100, 100] 
[13, 100, 100] 
[14, 100, 100] 
[1, 100, 100] 
[2, 100, 100] 
[3, 100, 100] 
[4, 100, 100] 
[5, 100, 100] 
[6, 100, 100] 
[7, 100, 100] 
[8, 100, 100] 
[9, 100, 100] 
[10, 100, 100] 
[11, 100, 100] 
[12, 100, 100] 
[13, 100, 100] 
[14, 100, 100] 
[15, 100, 100] 
[16, 100, 100] 
[17, 100, 100] 
[18, 100, 100] 
[19, 100, 100] 
[20, 100, 100] 
[21, 100, 100] 
[22, 100, 100] 
[23, 100, 100] 
[24, 100, 100] 
[25, 100, 100] 
[26, 100, 100] 
[27, 100, 100] 
[28, 100, 100] 
[29, 100, 100] 
[30, 100, 100] 
[31, 100, 100] 
[32, 100, 100] 
[33, 100, 100] 
[34, 100, 100] 
[35, 100, 100] 
[36, 100, 100] 
[37, 100, 100] 
[38, 100, 100] 
[39, 100, 100] 
[40, 100, 100] 
[41, 100, 100] 
[1, 100, 100] 
[2, 100, 100] 
[3, 100, 100] 
[4, 100, 100] 
[5, 100, 100] 
[1, 100, 100] 
[2, 100, 100] 
[3, 100, 100] 
[4, 100, 100] 
[5, 100, 100] 
[1, 100, 100] 
[2, 100, 100] 
[3, 100, 100] 
[4, 100, 100] 
[5, 100, 100] 
[6, 100, 100] 
[7, 100, 100] 
[8, 100, 100] 
[9, 100, 100] 
[10, 100, 100] 
[11, 100, 100] 
[12, 100, 100] 
[1, 100, 100] 
[2, 100, 100] 
[3, 100, 100] 
[4, 100, 100] 
[1, 100, 100] 
[2, 100, 100] 
[3, 100, 100] 
[4, 100, 100] 
[5, 100, 100] 
[6, 100, 100] 
[7, 100, 100] 
[8, 100, 100] 
[1, 100, 100] 
[2, 100, 100] 
[3, 100, 100] 
[4, 100, 100] 
[5, 100, 100] 
[6, 100, 100] 
[7, 100, 100] 
[8, 100, 100] 
[9, 100, 100] 
[10, 100, 100] 
[11, 100, 100] 
[12, 100, 100] 
[13, 100, 100] 
[14, 100, 100] 
[15, 100, 100] 
[16, 100, 100] 
[17, 100, 100] 
[18, 100, 100] 
[19, 100, 100] 
[20, 100, 100] 
[21, 100, 100] 
[22, 100, 100] 
[1, 100, 100] 
[2, 100, 100] 
[3, 100, 100] 
[4, 100, 100] 
[5, 100, 100] 
[6, 100, 100] 
[7, 100, 100] 
[8, 100, 100] 
[9, 100, 100] 
[10, 100, 100] 
[11, 100, 100] 
[12, 100, 100] 
[13, 100, 100] 
[14, 100, 100] 
[15, 100, 100] 
[16, 100, 100] 
[17, 100, 100] 
[1, 100, 100] 
[2, 100, 100] 
[3, 100, 100] 
[4, 100, 100] 
[5, 100, 100] 
[6, 100, 100] 
[7, 100, 100] 
[8, 100, 100] 
[9, 100, 100] 
[10, 100, 100] 
[11, 100, 100] 
[12, 100, 100] 
[13, 100, 100] 
[14, 100, 100] 
[15, 100, 100] 
[16, 100, 100] 
[17, 100, 100] 
[18, 100, 100] 
[1, 100, 100] 
[2, 100, 100] 
[3, 100, 100] 
[4, 100, 100] 
[5, 100, 100] 
[1, 100, 100] 
[2, 100, 100] 
[3, 100, 100] 
[4, 100, 100] 
[5, 100, 100] 
[6, 100, 100] 
[7, 100, 100] 
[8, 100, 100] 
[1, 100, 100] 
[2, 100, 100] 
[3, 100, 100] 
[4, 100, 100] 
[5, 100, 100] 
[6, 100, 100] 
[7, 100, 100] 
[8, 100, 100] 
[9, 100, 100] 
[10, 100, 100] 
[11, 100, 100] 
[12, 100, 100] 
[13, 100, 100] 
[14, 100, 100] 
[15, 100, 100] 
[1, 100, 100] 
[2, 100, 100] 
[3, 100, 100] 
[4, 100, 100] 
[5, 100, 100] 
[6, 100, 100] 
[7, 100, 100] 
[1, 100, 100] 
[2, 100, 100] 
[3, 100, 100] 
[4, 100, 100] 
[5, 100, 100] 
[6, 100, 100] 
[7, 100, 100] 
[8, 100, 100] 
[9, 100, 100] 
[10, 100, 100] 
[11, 100, 100] 
[12, 100, 100] 
[13, 100, 100] 
[14, 100, 100] 
[15, 100, 100] 
[16, 100, 100] 
[17, 100, 100] 
[18, 100, 100] 
[19, 100, 100] 
[20, 100, 100] 
[21, 100, 100] 
[22, 100, 100] 
[23, 100, 100] 
[24, 100, 100] 
[25, 100, 100] 
[26, 100, 100] 
[27, 100, 100] 
[28, 100, 100] 
[29, 100, 100] 
[30, 100, 100] 
[31, 100, 100] 
[32, 100, 100] 
[33, 100, 100] 
[1, 100, 100] 
[2, 100, 100] 
[3, 100, 100] 
[4, 100, 100] 
[5, 100, 100] 
[1, 100, 100] 
[2, 100, 100] 
[3, 100, 100] 
[4, 100, 100] 
[5, 100, 100] 
[6, 100, 100] 
[7, 100, 100] 
[8, 100, 100] 
[9, 100, 100] 
[1, 100, 100] 
[2, 100, 100] 
[3, 100, 100] 
[4, 100, 100] 
[5, 100, 100] 
[6, 100, 100] 
[7, 100, 100] 
[8, 100, 100] 
[9, 100, 100] 
[10, 100, 100] 
[11, 100, 100] 
[12, 100, 100] 
[13, 100, 100] 
[14, 100, 100] 
[15, 100, 100] 
[16, 100, 100] 
[17, 100, 100] 
[18, 100, 100] 
[19, 100, 100] 
[20, 100, 100] 
[21, 100, 100] 
[22, 100, 100] 
[23, 100, 100] 
[24, 100, 100] 
[25, 100, 100] 
[1, 100, 100] 
[2, 100, 100] 
[3, 100, 100] 
[4, 100, 100] 
[5, 100, 100] 
[6, 100, 100] 
[7, 100, 100] 
[8, 100, 100] 
[9, 100, 100] 
[10, 100, 100] 
[11, 100, 100] 
[12, 100, 100] 
[13, 100, 100] 
[14, 100, 100] 
[15, 100, 100] 
[1, 100, 100] 
[2, 100, 100] 
[3, 100, 100] 
[4, 100, 100] 
[5, 100, 100] 
[6, 100, 100] 
[7, 100, 100] 
[8, 100, 100] 
[9, 100, 100] 
[10, 100, 100] 
[1, 100, 100] 
[2, 100, 100] 
[3, 100, 100] 
[4, 100, 100] 
[5, 100, 100] 
[6, 100, 100] 
[7, 100, 100] 
[8, 100, 100] 
[9, 100, 100] 
[10, 100, 100] 
[11, 100, 100] 
[12, 100, 100] 
[13, 100, 100] 
[14, 100, 100] 
[15, 100, 100] 
[16, 100, 100] 
[1, 100, 100] 
[2, 100, 100] 
[3, 100, 100] 
[4, 100, 100] 
[5, 100, 100] 
[6, 100, 100] 
[7, 100, 100] 
[8, 100, 100] 
[9, 100, 100] 
[10, 100, 100] 
[11, 100, 100] 
[12, 100, 100] 
[13, 100, 100] 
[14, 100, 100] 
[15, 100, 100] 
[16, 100, 100] 
[17, 100, 100] 
[1, 100, 100] 
[2, 100, 100] 
[3, 100, 100] 
[4, 100, 100] 
[5, 100, 100] 
[6, 100, 100] 
[7, 100, 100] 
[8, 100, 100] 
[9, 100, 100] 
[10, 100, 100] 
[11, 100, 100] 
[12, 100, 100] 
[13, 100, 100] 
[14, 100, 100] 
[1, 100, 100] 
[2, 100, 100] 
[3, 100, 100] 
[4, 100, 100] 
[5, 100, 100] 
[6, 100, 100] 
[7, 100, 100] 
[8, 100, 100] 
[9, 100, 100] 
[10, 100, 100] 
[11, 100, 100] 
[12, 100, 100] 
[13, 100, 100] 
[14, 100, 100] 
[15, 100, 100] 
[16, 100, 100] 
[17, 100, 100] 
[18, 100, 100] 
[19, 100, 100] 
[20, 100, 100] 
[21, 100, 100] 
[22, 100, 100] 
[23, 100, 100] 
[24, 100, 100] 
[25, 100, 100] 
[26, 100, 100] 
[1, 100, 100] 
[2, 100, 100] 
[3, 100, 100] 
[4, 100, 100] 
[5, 100, 100] 
[6, 100, 100] 
[7, 100, 100] 
[1, 100, 100] 
[2, 100, 100] 
[3, 100, 100] 
[4, 100, 100] 
[5, 100, 100] 
[6, 100, 100] 
[7, 100, 100] 
[8, 100, 100] 
[1, 100, 100] 
[2, 100, 100] 
[3, 100, 100] 
[4, 100, 100] 
[5, 100, 100] 
[6, 100, 100] 
[1, 100, 100] 
[2, 100, 100] 
[3, 100, 100] 
[4, 100, 100] 
[5, 100, 100] 
[6, 100, 100] 
[7, 100, 100] 
[8, 100, 100] 
[9, 100, 100] 
[10, 100, 100] 
[11, 100, 100] 
[12, 100, 100] 
[13, 100, 100] 
[14, 100, 100] 
[15, 100, 100] 
[16, 100, 100] 
[17, 100, 100] 
[18, 100, 100] 
[19, 100, 100] 
[20, 100, 100] 
[21, 100, 100] 
[22, 100, 100] 
[1, 100, 100] 
[2, 100, 100] 
[3, 100, 100] 
[4, 100, 100] 
[1, 100, 100] 
[2, 100, 100] 
[3, 100, 100] 
[4, 100, 100] 
[5, 100, 100] 
[6, 100, 100] 
[7, 100, 100] 
[8, 100, 100] 
[9, 100, 100] 
[10, 100, 100] 
[1, 100, 100] 
[2, 100, 100] 
[3, 100, 100] 
[4, 100, 100] 
[5, 100, 100] 
[6, 100, 100] 
[7, 100, 100] 
[8, 100, 100] 
[9, 100, 100] 
[10, 100, 100] 
[11, 100, 100] 
[12, 100, 100] 
[13, 100, 100] 
[1, 100, 100] 
[2, 100, 100] 
[3, 100, 100] 
[4, 100, 100] 
[5, 100, 100] 
[6, 100, 100] 
[7, 100, 100] 
[8, 100, 100] 
[9, 100, 100] 
[10, 100, 100] 
[11, 100, 100] 
[12, 100, 100] 
[1, 100, 100] 
[2, 100, 100] 
[3, 100, 100] 
[4, 100, 100] 
[5, 100, 100] 
[6, 100, 100] 
[7, 100, 100] 
[8, 100, 100] 
[9, 100, 100] 
[1, 100, 100] 
[2, 100, 100] 
[3, 100, 100] 
[4, 100, 100] 
[5, 100, 100] 
[6, 100, 100] 
[7, 100, 100] 
[8, 100, 100] 
[9, 100, 100] 
[10, 100, 100] 
[1, 100, 100] 
[2, 100, 100] 
[1, 100, 100] 
[2, 100, 100] 
[3, 100, 100] 
[4, 100, 100] 
[5, 100, 100] 
[6, 100, 100] 
[7, 100, 100] 
[8, 100, 100] 
[1, 100, 100] 
[2, 100, 100] 
[3, 100, 100] 
[4, 100, 100] 
[5, 100, 100] 
[6, 100, 100] 
[7, 100, 100] 
[1, 100, 100] 
[2, 100, 100] 
[3, 100, 100] 
[4, 100, 100] 
[5, 100, 100] 
[6, 100, 100] 
[7, 100, 100] 
[8, 100, 100] 
[9, 100, 100] 
[10, 100, 100] 
[11, 100, 100] 
[12, 100, 100] 
[13, 100, 100] 
[14, 100, 100] 
[15, 100, 100] 
[1, 100, 100] 
[2, 100, 100] 
[3, 100, 100] 
[4, 100, 100] 
[5, 100, 100] 
[6, 100, 100] 
[7, 100, 100] 
[8, 100, 100] 
[9, 100, 100] 
[10, 100, 100] 
[11, 100, 100] 
[12, 100, 100] 
[13, 100, 100] 
[14, 100, 100] 
[15, 100, 100] 
[16, 100, 100] 
[17, 100, 100] 
[18, 100, 100] 
[19, 100, 100] 
[20, 100, 100] 
[21, 100, 100] 
[22, 100, 100] 
[1, 100, 100] 
[2, 100, 100] 
[1, 100, 100] 
[2, 100, 100] 
[3, 100, 100] 
[4, 100, 100] 
[5, 100, 100] 
[6, 100, 100] 
[7, 100, 100] 
[8, 100, 100] 
[9, 100, 100] 
[10, 100, 100] 
[1, 100, 100] 
[2, 100, 100] 
[3, 100, 100] 
[4, 100, 100] 
[5, 100, 100] 
[6, 100, 100] 
[7, 100, 100] 
[1, 100, 100] 
[2, 100, 100] 
[3, 100, 100] 
[4, 100, 100] 
[5, 100, 100] 
[6, 100, 100] 
[7, 100, 100] 
[8, 100, 100] 
[9, 100, 100] 
[10, 100, 100] 
[11, 100, 100] 
[12, 100, 100] 
[13, 100, 100] 
[14, 100, 100] 
[1, 100, 100] 
[2, 100, 100] 
[3, 100, 100] 
[4, 100, 100] 
[5, 100, 100] 
[6, 100, 100] 
[7, 100, 100] 
[8, 100, 100] 
[9, 100, 100] 
[10, 100, 100] 
[11, 100, 100] 
[12, 100, 100] 
[13, 100, 100] 
[14, 100, 100] 
[15, 100, 100] 
[16, 100, 100] 
[17, 100, 100] 
[18, 100, 100] 
[19, 100, 100] 
[20, 100, 100] 
[21, 100, 100] 
[1, 100, 100] 
[2, 100, 100] 
[3, 100, 100] 
[4, 100, 100] 
[5, 100, 100] 
[6, 100, 100] 
[1, 100, 100] 
[2, 100, 100] 
[3, 100, 100] 
[4, 100, 100] 
[5, 100, 100] 
[6, 100, 100] 
[7, 100, 100] 
[8, 100, 100] 
[9, 100, 100] 
[10, 100, 100] 
[1, 100, 100] 
[2, 100, 100] 
[3, 100, 100] 
[4, 100, 100] 
[5, 100, 100] 
[6, 100, 100] 
[7, 100, 100] 
[8, 100, 100] 
[9, 100, 100] 
[1, 100, 100] 
[2, 100, 100] 
[3, 100, 100] 
[1, 100, 100] 
[2, 100, 100] 
[3, 100, 100] 
[4, 100, 100] 
[5, 100, 100] 
[6, 100, 100] 
[7, 100, 100] 
[8, 100, 100] 
[9, 100, 100] 
[10, 100, 100] 
[1, 100, 100] 
[2, 100, 100] 
[3, 100, 100] 
[4, 100, 100] 
[5, 100, 100] 
[6, 100, 100] 
[7, 100, 100] 
[8, 100, 100] 
[9, 100, 100] 
[10, 100, 100] 
[11, 100, 100] 
[12, 100, 100] 
[13, 100, 100] 
[1, 100, 100] 
[2, 100, 100] 
[3, 100, 100] 
[4, 100, 100] 
[5, 100, 100] 
[6, 100, 100] 
[1, 100, 100] 
[2, 100, 100] 
[3, 100, 100] 
[4, 100, 100] 
[5, 100, 100] 
[6, 100, 100] 
[7, 100, 100] 
[8, 100, 100] 
[9, 100, 100] 
[1, 100, 100] 
[2, 100, 100] 
[3, 100, 100] 
[4, 100, 100] 
[5, 100, 100] 
[6, 100, 100] 
[1, 100, 100] 
[2, 100, 100] 
[3, 100, 100] 
[4, 100, 100] 
[5, 100, 100] 
[6, 100, 100] 
[7, 100, 100] 
[8, 100, 100] 
[9, 100, 100] 
[10, 100, 100] 
[11, 100, 100] 
[1, 100, 100] 
[2, 100, 100] 
[1, 100, 100] 
[2, 100, 100] 
[3, 100, 100] 
[4, 100, 100] 
[5, 100, 100] 
[1, 100, 100] 
[2, 100, 100] 
[3, 100, 100] 
[4, 100, 100] 
[5, 100, 100] 
[6, 100, 100] 
[7, 100, 100] 
[8, 100, 100] 
[9, 100, 100] 
[10, 100, 100] 
[11, 100, 100] 
[12, 100, 100] 
[13, 100, 100] 
[14, 100, 100] 
[15, 100, 100] 
[16, 100, 100] 
[17, 100, 100] 
[18, 100, 100] 
[19, 100, 100] 
[1, 100, 100] 
[2, 100, 100] 
[3, 100, 100] 
[4, 100, 100] 
[5, 100, 100] 
[6, 100, 100] 
[7, 100, 100] 
[8, 100, 100] 
[9, 100, 100] 
[10, 100, 100] 
[11, 100, 100] 
[12, 100, 100] 
[1, 100, 100] 
[2, 100, 100] 
[3, 100, 100] 
[1, 100, 100] 
[2, 100, 100] 
[3, 100, 100] 
[4, 100, 100] 
[5, 100, 100] 
[6, 100, 100] 
[7, 100, 100] 
[1, 100, 100] 
[2, 100, 100] 
[3, 100, 100] 
[4, 100, 100] 
[1, 100, 100] 
[2, 100, 100] 
[3, 100, 100] 
[4, 100, 100] 
[5, 100, 100] 
[6, 100, 100] 
[1, 100, 100] 
[2, 100, 100] 
[3, 100, 100] 
[4, 100, 100] 
[5, 100, 100] 
[6, 100, 100] 
[1, 100, 100] 
[2, 100, 100] 
[3, 100, 100] 
[4, 100, 100] 
[5, 100, 100] 
[6, 100, 100] 
[7, 100, 100] 
[8, 100, 100] 
[9, 100, 100] 
[10, 100, 100] 
[11, 100, 100] 
[12, 100, 100] 
[13, 100, 100] 
[14, 100, 100] 
[15, 100, 100] 
[16, 100, 100] 
[17, 100, 100] 
[18, 100, 100] 
[19, 100, 100] 
[20, 100, 100] 
[21, 100, 100] 
[22, 100, 100] 
[1, 100, 100] 
[2, 100, 100] 
[3, 100, 100] 
[4, 100, 100] 
[5, 100, 100] 
[6, 100, 100] 
[1, 100, 100] 
[2, 100, 100] 
[3, 100, 100] 
[1, 100, 100] 
[2, 100, 100] 
[3, 100, 100] 
[4, 100, 100] 
[5, 100, 100] 
[6, 100, 100] 
[1, 100, 100] 
[2, 100, 100] 
[3, 100, 100] 
[1, 100, 100] 
[2, 100, 100] 
[3, 100, 100] 
[4, 100, 100] 
[5, 100, 100] 
[6, 100, 100] 
[7, 100, 100] 
[8, 100, 100] 
[9, 100, 100] 
[10, 100, 100] 
[1, 100, 100] 
[2, 100, 100] 
[3, 100, 100] 
[4, 100, 100] 
[5, 100, 100] 
[6, 100, 100] 
[7, 100, 100] 
[1, 100, 100] 
[2, 100, 100] 
[3, 100, 100] 
[4, 100, 100] 
[5, 100, 100] 
[6, 100, 100] 
[7, 100, 100] 
[8, 100, 100] 
[9, 100, 100] 
[10, 100, 100] 
[11, 100, 100] 
[12, 100, 100] 
[13, 100, 100] 
[1, 100, 100] 
[2, 100, 100] 
[3, 100, 100] 
[4, 100, 100] 
[5, 100, 100] 
[6, 100, 100] 
[7, 100, 100] 
[8, 100, 100] 
[9, 100, 100] 
[10, 100, 100] 
[11, 100, 100] 
[1, 100, 100] 
[2, 100, 100] 
[3, 100, 100] 
[4, 100, 100] 
[5, 100, 100] 
[6, 100, 100] 
[7, 100, 100] 
[1, 100, 100] 
[2, 100, 100] 
[3, 100, 100] 
[4, 100, 100] 
[5, 100, 100] 
[6, 100, 100] 
[1, 100, 100] 
[2, 100, 100] 
[3, 100, 100] 
[4, 100, 100] 
[5, 100, 100] 
[1, 100, 100] 
[2, 100, 100] 
[3, 100, 100] 
[4, 100, 100] 
[1, 100, 100] 
[2, 100, 100] 
[3, 100, 100] 
[4, 100, 100] 
[5, 100, 100] 
[6, 100, 100] 
[7, 100, 100] 
[8, 100, 100] 
[9, 100, 100] 
[10, 100, 100] 
[11, 100, 100] 
[12, 100, 100] 
[13, 100, 100] 
[14, 100, 100] 
[15, 100, 100] 
[16, 100, 100] 
[17, 100, 100] 
[18, 100, 100] 
[19, 100, 100] 
[20, 100, 100] 
[21, 100, 100] 
[22, 100, 100] 
[23, 100, 100] 
[24, 100, 100] 
[25, 100, 100] 
[26, 100, 100] 
[27, 100, 100] 
[28, 100, 100] 
[29, 100, 100] 
[30, 100, 100] 
[31, 100, 100] 
[32, 100, 100] 
[33, 100, 100] 
[34, 100, 100] 
[35, 100, 100] 
[1, 100, 100] 
[2, 100, 100] 
[3, 100, 100] 
[4, 100, 100] 
[5, 100, 100] 
[6, 100, 100] 
[7, 100, 100] 
[8, 100, 100] 
[9, 100, 100] 
[10, 100, 100] 
[1, 100, 100] 
[2, 100, 100] 
[3, 100, 100] 
[4, 100, 100] 
[5, 100, 100] 
[6, 100, 100] 
[7, 100, 100] 
[1, 100, 100] 
[2, 100, 100] 
[3, 100, 100] 
[4, 100, 100] 
[5, 100, 100] 
[6, 100, 100] 
[1, 100, 100] 
[2, 100, 100] 
[3, 100, 100] 
[4, 100, 100] 
[5, 100, 100] 
[1, 100, 100] 
[2, 100, 100] 
[3, 100, 100] 
[4, 100, 100] 
[5, 100, 100] 
[6, 100, 100] 
[7, 100, 100] 
[8, 100, 100] 
[9, 100, 100] 
[10, 100, 100] 
[11, 100, 100] 
[12, 100, 100] 
[13, 100, 100] 
[14, 100, 100] 
[15, 100, 100] 
[16, 100, 100] 
[17, 100, 100] 
[18, 100, 100] 
[19, 100, 100] 
[20, 100, 100] 
[21, 100, 100] 
[22, 100, 100] 
[23, 100, 100] 
[24, 100, 100] 
[25, 100, 100] 
[1, 100, 100] 
[2, 100, 100] 
[3, 100, 100] 
[4, 100, 100] 
[5, 100, 100] 
[6, 100, 100] 
[7, 100, 100] 
[8, 100, 100] 
[9, 100, 100] 
[10, 100, 100] 
[11, 100, 100] 
[1, 100, 100] 
[2, 100, 100] 
[3, 100, 100] 
[4, 100, 100] 
[5, 100, 100] 
[6, 100, 100] 
[7, 100, 100] 
[8, 100, 100] 
[9, 100, 100] 
[10, 100, 100] 
[11, 100, 100] 
[12, 100, 100] 
[13, 100, 100] 
[14, 100, 100] 
[15, 100, 100] 
[16, 100, 100] 
[17, 100, 100] 
[18, 100, 100] 
[1, 100, 100] 
[2, 100, 100] 
[3, 100, 100] 
[4, 100, 100] 
[5, 100, 100] 
[6, 100, 100] 
[7, 100, 100] 
[8, 100, 100] 
[9, 100, 100] 
[10, 100, 100] 
[11, 100, 100] 
[12, 100, 100] 
[13, 100, 100] 
[14, 100, 100] 
[15, 100, 100] 
[16, 100, 100] 
[17, 100, 100] 
[18, 100, 100] 
[19, 100, 100] 
[20, 100, 100] 
[21, 100, 100] 
[22, 100, 100] 
[23, 100, 100] 
[24, 100, 100] 
[25, 100, 100] 
[26, 100, 100] 
[27, 100, 100] 
[28, 100, 100] 
[29, 100, 100] 
[30, 100, 100] 
[1, 100, 100] 
[2, 100, 100] 
[3, 100, 100] 
[4, 100, 100] 
[5, 100, 100] 
[6, 100, 100] 
[7, 100, 100] 
[8, 100, 100] 
[9, 100, 100] 
[10, 100, 100] 
[11, 100, 100] 
[12, 100, 100] 
[13, 100, 100] 
[14, 100, 100] 
[15, 100, 100] 
[16, 100, 100] 
[17, 100, 100] 
[18, 100, 100] 
[19, 100, 100] 
[20, 100, 100] 
[1, 100, 100] 
[2, 100, 100] 
[3, 100, 100] 
[4, 100, 100] 
[5, 100, 100] 
[6, 100, 100] 
[7, 100, 100] 
[8, 100, 100] 
[9, 100, 100] 
[10, 100, 100] 
[11, 100, 100] 
[12, 100, 100] 
[13, 100, 100] 
[14, 100, 100] 
[1, 100, 100] 
[2, 100, 100] 
[3, 100, 100] 
[4, 100, 100] 
[1, 100, 100] 
[2, 100, 100] 
[3, 100, 100] 
[4, 100, 100] 
[5, 100, 100] 
[6, 100, 100] 
[7, 100, 100] 
[8, 100, 100] 
[9, 100, 100] 
[10, 100, 100] 
[11, 100, 100] 
[12, 100, 100] 
[1, 100, 100] 
[2, 100, 100] 
[3, 100, 100] 
[4, 100, 100] 
[5, 100, 100] 
[6, 100, 100] 
[7, 100, 100] 
[8, 100, 100] 
[1, 100, 100] 
[2, 100, 100] 
[3, 100, 100] 
[4, 100, 100] 
[5, 100, 100] 
[6, 100, 100] 
[7, 100, 100] 
[8, 100, 100] 
[9, 100, 100] 
[10, 100, 100] 
[11, 100, 100] 
[12, 100, 100] 
[13, 100, 100] 
[1, 100, 100] 
[2, 100, 100] 
[1, 100, 100] 
[2, 100, 100] 
[3, 100, 100] 
[4, 100, 100] 
[5, 100, 100] 
[6, 100, 100] 
[7, 100, 100] 
[8, 100, 100] 
[9, 100, 100] 
[1, 100, 100] 
[2, 100, 100] 
[3, 100, 100] 
[4, 100, 100] 
[5, 100, 100] 
[6, 100, 100] 
[7, 100, 100] 
[8, 100, 100] 
[9, 100, 100] 
[10, 100, 100] 
[11, 100, 100] 
[1, 100, 100] 
[2, 100, 100] 
[3, 100, 100] 
[4, 100, 100] 
[5, 100, 100] 
[6, 100, 100] 
[7, 100, 100] 
[8, 100, 100] 
[9, 100, 100] 
[1, 100, 100] 
[2, 100, 100] 
[3, 100, 100] 
[4, 100, 100] 
[5, 100, 100] 
[6, 100, 100] 
[7, 100, 100] 
[8, 100, 100] 
[9, 100, 100] 
[10, 100, 100] 
[11, 100, 100] 
[12, 100, 100] 
[13, 100, 100] 
[14, 100, 100] 
[15, 100, 100] 
[16, 100, 100] 
[17, 100, 100] 
[18, 100, 100] 
[19, 100, 100] 
[1, 100, 100] 
[2, 100, 100] 
[3, 100, 100] 
[1, 100, 100] 
[2, 100, 100] 
[3, 100, 100] 
[4, 100, 100] 
[1, 100, 100] 
[2, 100, 100] 
[3, 100, 100] 
[4, 100, 100] 
[5, 100, 100] 
[1, 100, 100] 
[2, 100, 100] 
[3, 100, 100] 
[4, 100, 100] 
[5, 100, 100] 
[6, 100, 100] 
[7, 100, 100] 
[8, 100, 100] 
[9, 100, 100] 
[10, 100, 100] 
[11, 100, 100] 
[12, 100, 100] 
[13, 100, 100] 
[14, 100, 100] 
[15, 100, 100] 
[16, 100, 100] 
[1, 100, 100] 
[2, 100, 100] 
[3, 100, 100] 
[4, 100, 100] 
[5, 100, 100] 
[6, 100, 100] 
[7, 100, 100] 
[8, 100, 100] 
[9, 100, 100] 
[10, 100, 100] 
[11, 100, 100] 
[12, 100, 100] 
[13, 100, 100] 
[14, 100, 100] 
[15, 100, 100] 
[1, 100, 100] 
[2, 100, 100] 
[1, 100, 100] 
[2, 100, 100] 
[3, 100, 100] 
[4, 100, 100] 
[5, 100, 100] 
[6, 100, 100] 
[7, 100, 100] 
[8, 100, 100] 
[9, 100, 100] 
[10, 100, 100] 
[11, 100, 100] 
[12, 100, 100] 
[13, 100, 100] 
[1, 100, 100] 
[2, 100, 100] 
[3, 100, 100] 
[4, 100, 100] 
[1, 100, 100] 
[2, 100, 100] 
[3, 100, 100] 
[4, 100, 100] 
[5, 100, 100] 
[6, 100, 100] 
[7, 100, 100] 
[8, 100, 100] 
[9, 100, 100] 
[10, 100, 100] 
[11, 100, 100] 
[12, 100, 100] 
[1, 100, 100] 
[2, 100, 100] 
[3, 100, 100] 
[4, 100, 100] 
[5, 100, 100] 
[6, 100, 100] 
[7, 100, 100] 
[8, 100, 100] 
[9, 100, 100] 
[10, 100, 100] 
[11, 100, 100] 
[12, 100, 100] 
[1, 100, 100] 
[2, 100, 100] 
[3, 100, 100] 
[4, 100, 100] 
[5, 100, 100] 
[6, 100, 100] 
[7, 100, 100] 
[8, 100, 100] 
[9, 100, 100] 
[10, 100, 100] 
[11, 100, 100] 
[12, 100, 100] 
[13, 100, 100] 
[1, 100, 100] 
[2, 100, 100] 
[3, 100, 100] 
[4, 100, 100] 
[5, 100, 100] 
[6, 100, 100] 
[7, 100, 100] 
[8, 100, 100] 
[9, 100, 100] 
[10, 100, 100] 
[11, 100, 100] 
[12, 100, 100] 
[13, 100, 100] 
[14, 100, 100] 
[15, 100, 100] 
[16, 100, 100] 
[17, 100, 100] 
[18, 100, 100] 
[19, 100, 100] 
[20, 100, 100] 
[21, 100, 100] 
[22, 100, 100] 
[23, 100, 100] 
[24, 100, 100] 
[25, 100, 100] 
[26, 100, 100] 
[27, 100, 100] 
[1, 100, 100] 
[2, 100, 100] 
[3, 100, 100] 
[4, 100, 100] 
[1, 100, 100] 
[2, 100, 100] 
[3, 100, 100] 
[4, 100, 100] 
[5, 100, 100] 
[6, 100, 100] 
[7, 100, 100] 
[8, 100, 100] 
[1, 100, 100] 
[2, 100, 100] 
[1, 100, 100] 
[2, 100, 100] 
[3, 100, 100] 
[4, 100, 100] 
[5, 100, 100] 
[6, 100, 100] 
[7, 100, 100] 
[8, 100, 100] 
[9, 100, 100] 
[10, 100, 100] 
[11, 100, 100] 
[12, 100, 100] 
[13, 100, 100] 
[14, 100, 100] 
[15, 100, 100] 
[16, 100, 100] 
[17, 100, 100] 
[18, 100, 100] 
[19, 100, 100] 
[20, 100, 100] 
[21, 100, 100] 
[1, 100, 100] 
[2, 100, 100] 
[3, 100, 100] 
[4, 100, 100] 
[5, 100, 100] 
[6, 100, 100] 
[7, 100, 100] 
[8, 100, 100] 
[9, 100, 100] 
[10, 100, 100] 
[11, 100, 100] 
[12, 100, 100] 
[13, 100, 100] 
[14, 100, 100] 
[15, 100, 100] 
[1, 100, 100] 
[2, 100, 100] 
[3, 100, 100] 
[4, 100, 100] 
[5, 100, 100] 
[6, 100, 100] 
[7, 100, 100] 
[8, 100, 100] 
[9, 100, 100] 
[10, 100, 100] 
[11, 100, 100] 
[12, 100, 100] 
[13, 100, 100] 
[14, 100, 100] 
[15, 100, 100] 
[16, 100, 100] 
[17, 100, 100] 
[18, 100, 100] 
[19, 100, 100] 
[20, 100, 100] 
[21, 100, 100] 
[22, 100, 100] 
[1, 100, 100] 
[2, 100, 100] 
[3, 100, 100] 
[4, 100, 100] 
[5, 100, 100] 
[6, 100, 100] 
[7, 100, 100] 
[8, 100, 100] 
[1, 100, 100] 
[2, 100, 100] 
[3, 100, 100] 
[4, 100, 100] 
[1, 100, 100] 
[2, 100, 100] 
[3, 100, 100] 
[4, 100, 100] 
[5, 100, 100] 
[6, 100, 100] 
[7, 100, 100] 
[8, 100, 100] 
[9, 100, 100] 
[10, 100, 100] 
[11, 100, 100] 
[12, 100, 100] 
[13, 100, 100] 
[14, 100, 100] 
[15, 100, 100] 
[16, 100, 100] 
[17, 100, 100] 
[18, 100, 100] 
[19, 100, 100] 
[20, 100, 100] 
[21, 100, 100] 
[1, 100, 100] 
[2, 100, 100] 
[3, 100, 100] 
[4, 100, 100] 
[5, 100, 100] 
[6, 100, 100] 
[7, 100, 100] 
[1, 100, 100] 
[2, 100, 100] 
[3, 100, 100] 
[4, 100, 100] 
[5, 100, 100] 
[6, 100, 100] 
[7, 100, 100] 
[8, 100, 100] 
[9, 100, 100] 
[10, 100, 100] 
[11, 100, 100] 
[12, 100, 100] 
[13, 100, 100] 
[14, 100, 100] 
[15, 100, 100] 
[16, 100, 100] 
[17, 100, 100] 
[18, 100, 100] 
[19, 100, 100] 
[1, 100, 100] 
[2, 100, 100] 
[3, 100, 100] 
[4, 100, 100] 
[5, 100, 100] 
[6, 100, 100] 
[7, 100, 100] 
[8, 100, 100] 
[9, 100, 100] 
[10, 100, 100] 
[11, 100, 100] 
[1, 100, 100] 
[2, 100, 100] 
[3, 100, 100] 
[1, 100, 100] 
[2, 100, 100] 
[1, 100, 100] 
[2, 100, 100] 
[3, 100, 100] 
[4, 100, 100] 
[5, 100, 100] 
[6, 100, 100] 
[7, 100, 100] 
[8, 100, 100] 
