6187.185546875 
3741.7470703125 
1602.247314453125 
664.9264526367188 
912.6932373046875 
1143.413330078125 
866.8552856445312 
635.4022216796875 
351.87896728515625 
409.32952880859375 
675.9515380859375 
868.5526733398438 
424.64385986328125 
750.247802734375 
346.87481689453125 
275.5675354003906 
348.59588623046875 
356.835205078125 
386.46295166015625 
458.589599609375 
310.48382568359375 
267.65814208984375 
221.58590698242188 
167.6018524169922 
221.29708862304688 
246.5574188232422 
205.52297973632812 
240.76112365722656 
211.7499237060547 
222.09584045410156 
181.72488403320312 
242.578125 
228.137939453125 
201.89779663085938 
111.78701782226562 
162.78067016601562 
180.79949951171875 
116.36538696289062 
104.9190902709961 
209.05548095703125 
97.06922149658203 
174.07154846191406 
118.86845397949219 
134.24899291992188 
91.00860595703125 
174.26226806640625 
132.26177978515625 
113.63259887695312 
135.25912475585938 
76.2613754272461 
180.7884521484375 
136.6860809326172 
101.39486694335938 
85.63383483886719 
129.13613891601562 
119.71138000488281 
169.62689208984375 
110.4042739868164 
61.79127502441406 
89.15573120117188 
98.60547637939453 
109.32281494140625 
68.3851089477539 
139.8430938720703 
101.93177795410156 
149.8269500732422 
97.79401397705078 
80.68565368652344 
112.33268737792969 
97.03890991210938 
87.93584442138672 
107.24996948242188 
59.16371536254883 
100.89708709716797 
85.83776092529297 
100.3921890258789 
74.28888702392578 
70.30908203125 
73.386962890625 
83.85195922851562 
75.6317367553711 
66.62030029296875 
65.92425537109375 
153.0932159423828 
55.03750228881836 
88.29495239257812 
86.5378189086914 
115.62390899658203 
67.35313415527344 
52.997623443603516 
73.2751235961914 
82.50360870361328 
44.46294021606445 
39.301490783691406 
67.73075866699219 
54.63859176635742 
44.0627326965332 
101.29962158203125 
96.39546203613281 
39.50183868408203 
2216.720947265625 
980.5913696289062 
314.95404052734375 
1501.01611328125 
659.8805541992188 
188.99435424804688 
166.55982971191406 
561.0045166015625 
656.3253173828125 
378.44720458984375 
241.5818328857422 
190.3516082763672 
210.9178924560547 
293.02044677734375 
319.9635925292969 
134.5389404296875 
120.64271545410156 
241.8340301513672 
317.9402160644531 
263.3414306640625 
245.03077697753906 
139.8403778076172 
256.5790100097656 
255.70156860351562 
188.66952514648438 
55.64723205566406 
79.24928283691406 
211.9324188232422 
207.11920166015625 
162.39073181152344 
68.05450439453125 
132.79502868652344 
180.6846923828125 
87.08201599121094 
71.4615707397461 
108.9043197631836 
157.53343200683594 
221.8437042236328 
183.2884521484375 
118.58628845214844 
152.73806762695312 
130.2873077392578 
101.92069244384766 
71.19115447998047 
89.72180938720703 
93.04301452636719 
83.0079345703125 
127.76895141601562 
71.96665954589844 
45.8248176574707 
284.6564636230469 
77.38495635986328 
94.19457244873047 
246.06723022460938 
116.3658447265625 
164.79476928710938 
110.29438018798828 
50.24553680419922 
141.53280639648438 
241.5843963623047 
130.38284301757812 
92.0615005493164 
116.54755401611328 
205.0221710205078 
142.737548828125 
102.39117431640625 
54.07255935668945 
73.08916473388672 
114.17301177978516 
88.30160522460938 
69.72901916503906 
263.9591979980469 
137.9125518798828 
431.5357971191406 
101.87374114990234 
47.21603012084961 
76.52267456054688 
54.22024917602539 
116.42005920410156 
59.954612731933594 
50.254425048828125 
92.65619659423828 
98.00422668457031 
40.78723907470703 
63.64995574951172 
51.8532600402832 
124.16380310058594 
84.22563171386719 
63.747554779052734 
97.48711395263672 
86.79116821289062 
108.74777221679688 
84.24807739257812 
59.79088592529297 
74.27311706542969 
112.01140594482422 
97.31914520263672 
29.936800003051758 
88.81938934326172 
54.675628662109375 
1929.09423828125 
733.0651245117188 
126.5475082397461 
968.8682861328125 
859.4597778320312 
158.2274169921875 
345.7225036621094 
699.7569580078125 
715.0218505859375 
232.2540283203125 
125.03845977783203 
802.3283081054688 
326.9139404296875 
179.42205810546875 
146.30746459960938 
277.5362548828125 
207.88990783691406 
120.01433563232422 
84.36499786376953 
417.18768310546875 
209.73094177246094 
117.79814910888672 
170.27557373046875 
205.5003204345703 
288.842041015625 
195.97952270507812 
100.42109680175781 
145.30950927734375 
164.76858520507812 
98.4981460571289 
320.9755859375 
95.83634185791016 
112.94701385498047 
133.2716064453125 
76.19293975830078 
48.171478271484375 
292.0162658691406 
122.47981262207031 
65.53768157958984 
102.3890609741211 
88.8013916015625 
87.57743072509766 
94.2430648803711 
169.63621520996094 
65.86265563964844 
62.25353240966797 
61.46306610107422 
297.9973449707031 
44.82841491699219 
268.8468017578125 
54.073997497558594 
105.28982543945312 
63.29047775268555 
158.3282470703125 
123.57544708251953 
176.13128662109375 
171.2225341796875 
100.80146789550781 
140.72174072265625 
111.56657409667969 
118.40686798095703 
254.0768585205078 
279.9433898925781 
391.4244384765625 
51.64096450805664 
139.48651123046875 
72.65425872802734 
167.94924926757812 
69.47050476074219 
110.13630676269531 
37.754676818847656 
64.77169799804688 
106.35753631591797 
122.20285034179688 
82.07456970214844 
150.9949951171875 
204.52548217773438 
166.0226593017578 
44.84841537475586 
317.4527587890625 
75.9843978881836 
83.09779357910156 
73.64823913574219 
100.27664947509766 
84.41929626464844 
76.27536010742188 
52.15955352783203 
198.58993530273438 
133.7703857421875 
204.0872344970703 
50.94889831542969 
64.59298706054688 
59.90117263793945 
166.95445251464844 
37.71333694458008 
59.483055114746094 
79.9692153930664 
69.65434265136719 
66.29196166992188 
60.92015838623047 
2091.08740234375 
426.6902160644531 
769.8721923828125 
1411.965087890625 
591.9859619140625 
487.9067687988281 
1228.973388671875 
1124.723876953125 
392.17742919921875 
333.9742431640625 
723.3887329101562 
418.6747131347656 
128.44366455078125 
474.8519287109375 
605.6358642578125 
335.4765625 
224.2801055908203 
319.96490478515625 
966.7283325195312 
338.87744140625 
465.8224182128906 
340.81011962890625 
345.060546875 
110.43030548095703 
200.65126037597656 
258.19744873046875 
207.18580627441406 
155.6904296875 
216.11065673828125 
158.46502685546875 
170.02130126953125 
199.1373748779297 
186.346923828125 
135.50064086914062 
107.31895446777344 
105.25069427490234 
462.9462890625 
133.86871337890625 
54.40096664428711 
61.121917724609375 
422.54974365234375 
69.13236999511719 
578.6913452148438 
195.17245483398438 
141.34429931640625 
91.81617736816406 
278.37591552734375 
224.90673828125 
293.5348205566406 
174.11285400390625 
152.0980682373047 
232.91603088378906 
271.6614685058594 
234.83335876464844 
136.69671630859375 
200.79986572265625 
192.26914978027344 
112.03157043457031 
121.11996459960938 
332.4125061035156 
59.84418487548828 
74.87198638916016 
115.80340576171875 
126.4869613647461 
213.13372802734375 
98.60767364501953 
214.02572631835938 
163.88787841796875 
124.72445678710938 
126.47847747802734 
337.3554382324219 
92.96012878417969 
50.027503967285156 
187.27633666992188 
148.9141082763672 
152.39334106445312 
55.25436019897461 
149.27285766601562 
54.32415008544922 
57.659671783447266 
89.78128051757812 
63.72740936279297 
48.437747955322266 
35.02738952636719 
50.075233459472656 
52.213951110839844 
76.56340789794922 
403.03839111328125 
47.2705192565918 
154.29714965820312 
128.6993865966797 
102.47337341308594 
173.71051025390625 
57.479923248291016 
303.9746398925781 
134.81422424316406 
169.6223907470703 
96.92076110839844 
430.7513122558594 
266.8154296875 
1064.579833984375 
330.4565124511719 
464.927001953125 
1413.0537109375 
297.07684326171875 
204.0593719482422 
985.5999755859375 
705.9400024414062 
300.05572509765625 
170.79566955566406 
489.79974365234375 
304.8611145019531 
96.03011322021484 
355.3716735839844 
338.23614501953125 
151.72689819335938 
156.15847778320312 
304.9996643066406 
577.3651123046875 
316.4325256347656 
123.4380874633789 
253.2300262451172 
134.56884765625 
91.36074829101562 
187.40016174316406 
327.0361328125 
107.56013488769531 
83.11493682861328 
164.11956787109375 
264.4236145019531 
121.06157684326172 
190.257080078125 
166.25291442871094 
153.9243927001953 
77.97103118896484 
194.61781311035156 
109.01200866699219 
151.43417358398438 
278.5396423339844 
227.3548126220703 
472.9186706542969 
59.944705963134766 
478.5076904296875 
258.7949523925781 
132.60354614257812 
116.90557098388672 
174.25418090820312 
172.25474548339844 
119.0914306640625 
78.91437530517578 
112.24418640136719 
192.96377563476562 
54.664634704589844 
140.52528381347656 
64.7601547241211 
164.03802490234375 
82.90135955810547 
74.98262023925781 
68.38043975830078 
208.7410430908203 
45.42873001098633 
152.62417602539062 
53.280418395996094 
107.67794036865234 
124.7215347290039 
513.64599609375 
544.2426147460938 
426.1474609375 
339.2749938964844 
140.4851531982422 
33.022457122802734 
20.793365478515625 
56.74565124511719 
245.03651428222656 
696.6364135742188 
321.69244384765625 
237.63319396972656 
464.4303283691406 
213.9488067626953 
96.81987762451172 
141.49331665039062 
36.90577697753906 
90.02244567871094 
253.64537048339844 
162.52198791503906 
529.048095703125 
85.49356079101562 
186.5034637451172 
69.13091278076172 
231.42105102539062 
462.0726623535156 
88.00857543945312 
361.7063903808594 
334.31048583984375 
120.48458099365234 
253.8275604248047 
41.04712677001953 
112.38213348388672 
379.71087646484375 
125.15371704101562 
1511.8763427734375 
194.9314422607422 
650.9718017578125 
1459.5452880859375 
199.27090454101562 
375.04876708984375 
869.642822265625 
661.2078247070312 
494.3553161621094 
659.8125 
340.3005676269531 
111.47630310058594 
439.4884338378906 
394.0840759277344 
98.4439926147461 
356.54315185546875 
189.645751953125 
231.51634216308594 
103.09307861328125 
124.63053894042969 
387.91754150390625 
183.7562713623047 
189.5776824951172 
344.48828125 
89.71569061279297 
465.93841552734375 
118.07862091064453 
252.33880615234375 
118.89471435546875 
78.54979705810547 
184.18655395507812 
72.13008117675781 
75.5129165649414 
55.91096496582031 
132.49331665039062 
28.693302154541016 
133.2778778076172 
474.60595703125 
45.2956657409668 
374.52374267578125 
99.45272827148438 
107.32982635498047 
172.94029235839844 
246.9369354248047 
257.2643737792969 
304.1549072265625 
163.21707153320312 
155.1824493408203 
143.79739379882812 
48.504547119140625 
417.1856384277344 
664.50537109375 
132.5154266357422 
124.9468002319336 
96.45812225341797 
57.550384521484375 
64.05683898925781 
122.27247619628906 
60.54738998413086 
288.32476806640625 
147.85023498535156 
58.85636520385742 
124.19935607910156 
60.337791442871094 
64.21382141113281 
71.30244445800781 
69.73774719238281 
474.87451171875 
37.61643981933594 
88.68247985839844 
170.96896362304688 
103.41230010986328 
136.5172119140625 
80.22388458251953 
166.94924926757812 
147.78369140625 
226.462890625 
64.94481658935547 
60.6934814453125 
39.74427032470703 
293.2182922363281 
57.07438659667969 
22.91874885559082 
73.95856475830078 
58.163883209228516 
313.9971923828125 
379.43414306640625 
224.79859924316406 
27.464786529541016 
453.6773376464844 
402.5615234375 
127.40522003173828 
362.47320556640625 
193.72975158691406 
194.0542755126953 
116.45600891113281 
69.66138458251953 
81.72109985351562 
117.10841369628906 
131.1671142578125 
2095.71826171875 
431.625 
1212.30224609375 
1803.67626953125 
217.38796997070312 
1372.560546875 
1426.7978515625 
197.62522888183594 
373.6605529785156 
755.5853271484375 
383.2969970703125 
240.30743408203125 
376.9045104980469 
631.5090942382812 
247.2928009033203 
430.7349853515625 
314.2820129394531 
98.96841430664062 
240.97251892089844 
354.1357727050781 
270.8314208984375 
455.658447265625 
787.4512939453125 
151.03834533691406 
175.91897583007812 
354.82843017578125 
192.0134735107422 
217.71055603027344 
396.68023681640625 
219.4983367919922 
450.4343566894531 
109.41407775878906 
271.51873779296875 
122.10530853271484 
90.8192367553711 
201.12258911132812 
179.28746032714844 
86.7877197265625 
405.7972412109375 
703.364501953125 
71.31932830810547 
104.23450469970703 
201.15118408203125 
282.3529052734375 
67.97852325439453 
155.4133758544922 
185.1300048828125 
124.8881607055664 
315.4579162597656 
133.3003692626953 
129.58998107910156 
163.77383422851562 
97.77061462402344 
121.42041015625 
114.44519805908203 
122.54849243164062 
258.98876953125 
209.57058715820312 
414.37652587890625 
278.0251770019531 
337.36639404296875 
148.51220703125 
361.5882263183594 
245.0174102783203 
319.98590087890625 
305.82745361328125 
95.43367767333984 
425.0279846191406 
264.228271484375 
81.79690551757812 
51.26702880859375 
75.84745788574219 
92.69123840332031 
299.672119140625 
125.77084350585938 
89.47298431396484 
61.40830993652344 
201.3426971435547 
118.83333587646484 
199.97259521484375 
437.7640075683594 
64.96112060546875 
225.18356323242188 
120.2615737915039 
72.11666870117188 
178.5778045654297 
44.41193771362305 
595.61572265625 
215.14801025390625 
223.80404663085938 
143.13772583007812 
385.51055908203125 
204.638671875 
38.59186553955078 
92.50726318359375 
83.70997619628906 
118.93572998046875 
375.4629821777344 
75.5931167602539 
199.23733520507812 
2795.451171875 
410.5057678222656 
1438.819091796875 
1310.65576171875 
166.6920166015625 
1023.0567016601562 
790.0546264648438 
428.0664978027344 
505.436279296875 
760.9298095703125 
499.57989501953125 
749.7137451171875 
722.9251708984375 
265.9272155761719 
376.4221496582031 
515.7976684570312 
149.32167053222656 
739.7706909179688 
472.66473388671875 
494.401611328125 
158.59764099121094 
315.1826477050781 
391.2455139160156 
121.73741149902344 
296.6020202636719 
412.18511962890625 
572.1504516601562 
137.26901245117188 
396.3222961425781 
663.203369140625 
324.6036376953125 
386.9107360839844 
385.358642578125 
206.00267028808594 
314.8426208496094 
103.87206268310547 
364.78460693359375 
409.20318603515625 
184.49761962890625 
216.6190643310547 
158.59449768066406 
165.66171264648438 
80.70292663574219 
157.0763397216797 
370.4720458984375 
284.5528564453125 
198.8623809814453 
420.137451171875 
203.57757568359375 
205.4890899658203 
192.0667724609375 
221.01315307617188 
280.265625 
529.450439453125 
49.556427001953125 
117.12796783447266 
154.03073120117188 
284.6883850097656 
291.49285888671875 
237.45550537109375 
85.87822723388672 
403.942138671875 
47.94154739379883 
120.45838928222656 
249.0397186279297 
284.2708435058594 
315.6629638671875 
189.93258666992188 
43.75324249267578 
142.67617797851562 
316.3807678222656 
429.18707275390625 
91.76200866699219 
246.2108154296875 
90.897216796875 
55.14727020263672 
362.1222229003906 
55.23225021362305 
65.4623794555664 
173.86289978027344 
89.87565612792969 
209.7482452392578 
171.9303436279297 
220.9417266845703 
195.06414794921875 
368.39202880859375 
75.52747344970703 
353.33648681640625 
65.05272674560547 
591.5101318359375 
77.89210510253906 
226.6547088623047 
158.25167846679688 
219.1285400390625 
96.5732650756836 
199.23965454101562 
68.80271911621094 
276.39666748046875 
47.06280517578125 
611.0311889648438 
2105.7958984375 
224.13743591308594 
1701.518310546875 
726.469970703125 
249.9278106689453 
1060.154296875 
866.8447265625 
399.75494384765625 
541.193359375 
762.6687622070312 
324.0452880859375 
340.3828125 
917.767822265625 
502.8746337890625 
122.46977233886719 
607.4312133789062 
587.6619873046875 
474.5850524902344 
491.0889892578125 
748.7343139648438 
195.35081481933594 
628.6619873046875 
945.3694458007812 
164.39999389648438 
342.8164978027344 
524.8483276367188 
423.9863586425781 
714.6153564453125 
651.00537109375 
226.20960998535156 
141.06900024414062 
432.4720153808594 
373.39263916015625 
161.35194396972656 
180.6624755859375 
122.06388092041016 
80.69627380371094 
273.3722229003906 
314.3938293457031 
107.142333984375 
518.4327392578125 
97.00810241699219 
443.5760498046875 
124.22628784179688 
367.67327880859375 
75.84370422363281 
137.964599609375 
406.0484924316406 
219.69827270507812 
563.30029296875 
311.4969787597656 
58.58768081665039 
291.2646484375 
89.77822875976562 
476.69744873046875 
907.4563598632812 
199.40036010742188 
78.15037536621094 
149.01419067382812 
116.64869689941406 
193.77093505859375 
56.8233642578125 
171.79336547851562 
96.57343292236328 
523.0093383789062 
240.5059356689453 
530.9840087890625 
107.1025390625 
203.9960174560547 
67.88429260253906 
81.2552490234375 
781.3851318359375 
111.49061584472656 
123.68627166748047 
305.11175537109375 
66.91297912597656 
183.08404541015625 
111.76217651367188 
172.2891082763672 
168.6396484375 
343.9153747558594 
131.7440185546875 
156.08505249023438 
79.4185562133789 
331.28277587890625 
75.20237731933594 
75.82520294189453 
96.8407974243164 
105.54206085205078 
290.9160461425781 
220.60780334472656 
41.62940979003906 
203.3051300048828 
182.7965087890625 
325.2974853515625 
109.29544067382812 
79.92552185058594 
316.4483337402344 
268.78643798828125 
128.7679901123047 
1261.798583984375 
389.633056640625 
912.85791015625 
1272.5423583984375 
145.17214965820312 
901.3301391601562 
1204.559326171875 
524.7755126953125 
591.5427856445312 
545.9315185546875 
553.8949584960938 
310.8665466308594 
578.260986328125 
105.70708465576172 
314.04400634765625 
369.52435302734375 
386.03326416015625 
555.2425537109375 
385.3021240234375 
197.93157958984375 
325.5379638671875 
347.11456298828125 
544.1968383789062 
375.5742492675781 
255.5598907470703 
113.35774993896484 
149.94448852539062 
372.7366943359375 
480.5853271484375 
620.7246704101562 
300.6529235839844 
353.2779846191406 
454.0096740722656 
451.7680969238281 
320.1735534667969 
345.8170166015625 
230.96426391601562 
321.6929626464844 
204.0771026611328 
616.0986938476562 
773.3857421875 
96.50853729248047 
485.107177734375 
591.9329833984375 
110.73202514648438 
79.88240051269531 
522.9850463867188 
463.1799011230469 
64.5197982788086 
865.3218383789062 
616.846435546875 
214.8855438232422 
555.4210815429688 
381.819091796875 
194.6491241455078 
185.5859832763672 
563.7678833007812 
198.7208251953125 
357.1915283203125 
652.6033325195312 
346.0624084472656 
196.63552856445312 
667.5703735351562 
700.6360473632812 
110.14115905761719 
572.3258666992188 
187.0333709716797 
259.1556091308594 
165.6150360107422 
108.05848693847656 
125.60928344726562 
242.2269287109375 
192.69862365722656 
94.38685607910156 
147.66737365722656 
86.57623291015625 
96.40515899658203 
87.4952392578125 
83.90023803710938 
84.29119873046875 
486.10205078125 
83.2182388305664 
81.0857162475586 
78.88177490234375 
101.746826171875 
371.6575012207031 
141.22686767578125 
39.8740234375 
267.233642578125 
244.20913696289062 
320.63720703125 
478.7690124511719 
169.82965087890625 
265.84259033203125 
294.355224609375 
105.01132202148438 
134.82310485839844 
78.98908996582031 
620.8079223632812 
73.0726318359375 
1946.216552734375 
737.6256103515625 
1249.172607421875 
782.1390380859375 
408.35809326171875 
814.3218994140625 
476.67779541015625 
342.7865295410156 
453.4254150390625 
201.03604125976562 
158.2955780029297 
310.33087158203125 
181.47613525390625 
136.329345703125 
238.19110107421875 
467.1272888183594 
129.15988159179688 
271.7578125 
79.45443725585938 
215.82627868652344 
323.5370788574219 
804.5882568359375 
455.3458557128906 
525.206787109375 
195.97100830078125 
84.25729370117188 
103.20185852050781 
207.84066772460938 
712.2106323242188 
94.84483337402344 
558.5457763671875 
134.80638122558594 
420.306884765625 
412.05596923828125 
566.3482055664062 
428.83734130859375 
479.6421203613281 
248.70001220703125 
290.6383056640625 
118.31751251220703 
436.3300476074219 
139.20809936523438 
781.5938720703125 
295.187744140625 
80.31257629394531 
979.4600830078125 
272.4808044433594 
336.08935546875 
410.87274169921875 
249.32643127441406 
162.8596649169922 
741.2196655273438 
210.33395385742188 
547.5137939453125 
201.88763427734375 
230.13307189941406 
265.506103515625 
245.3607635498047 
610.5348510742188 
383.36248779296875 
1094.42919921875 
243.14459228515625 
247.5511932373047 
113.330322265625 
434.03265380859375 
929.9598999023438 
279.6029357910156 
209.61282348632812 
471.3851318359375 
127.70571899414062 
108.73247528076172 
62.43375015258789 
72.849609375 
438.3779296875 
287.79071044921875 
199.86956787109375 
117.90392303466797 
109.05337524414062 
139.8282928466797 
104.21781158447266 
391.73681640625 
703.351806640625 
181.01266479492188 
247.48989868164062 
340.0736083984375 
318.57763671875 
182.43663024902344 
591.4796142578125 
401.78924560546875 
486.8571472167969 
754.9439697265625 
197.5286102294922 
885.3162841796875 
852.3157958984375 
82.99989318847656 
314.17730712890625 
167.04794311523438 
280.4107666015625 
169.34059143066406 
309.01904296875 
1310.0677490234375 
170.5936279296875 
1497.2432861328125 
948.100830078125 
384.6811828613281 
1195.012939453125 
904.0117797851562 
484.8815002441406 
1875.9232177734375 
285.8442077636719 
391.86260986328125 
620.6145629882812 
349.88983154296875 
734.6114501953125 
844.9476318359375 
388.68743896484375 
553.9470825195312 
920.73095703125 
192.33837890625 
483.0425109863281 
470.2890930175781 
238.2565460205078 
496.1641845703125 
467.70062255859375 
440.04986572265625 
159.38133239746094 
340.5438537597656 
200.35345458984375 
217.8616485595703 
736.9464111328125 
1226.619140625 
303.4950256347656 
961.0430908203125 
291.0791320800781 
190.21714782714844 
542.3259887695312 
99.89768981933594 
242.015625 
245.202392578125 
621.7512817382812 
221.43690490722656 
508.3901672363281 
552.4801025390625 
163.883056640625 
344.10491943359375 
184.42477416992188 
578.3182373046875 
292.3684997558594 
228.89511108398438 
94.53530883789062 
121.65531158447266 
235.4617156982422 
107.47283935546875 
62.93482208251953 
145.00143432617188 
418.70037841796875 
1122.62548828125 
139.95654296875 
95.68055725097656 
100.52362823486328 
142.60243225097656 
72.19624328613281 
48.25684356689453 
143.2344512939453 
160.77365112304688 
63.95068359375 
311.4528503417969 
474.6273193359375 
187.98928833007812 
197.04452514648438 
45.13311004638672 
88.95939636230469 
645.7451171875 
134.55987548828125 
1035.028564453125 
596.2587890625 
414.8828430175781 
329.42388916015625 
224.58798217773438 
141.14097595214844 
406.34210205078125 
488.1494140625 
1295.844970703125 
262.6789855957031 
558.2334594726562 
417.727294921875 
396.6871337890625 
133.50027465820312 
735.6140747070312 
232.98692321777344 
1105.935791015625 
421.8155517578125 
1159.2314453125 
306.475830078125 
306.0569152832031 
902.3548583984375 
699.75439453125 
907.2158813476562 
805.4952392578125 
307.73028564453125 
720.2562255859375 
723.6168212890625 
358.09490966796875 
691.4163818359375 
2847.7509765625 
392.3385009765625 
1529.47216796875 
568.0845947265625 
260.5987854003906 
1300.3992919921875 
714.1507568359375 
444.3114013671875 
1094.559814453125 
822.3465576171875 
471.0690002441406 
764.1875610351562 
373.2294921875 
244.0674285888672 
1106.9017333984375 
1218.082275390625 
825.1536865234375 
411.10247802734375 
719.2625732421875 
747.4296264648438 
1052.7403564453125 
380.8262939453125 
451.8934631347656 
709.4747924804688 
452.7691955566406 
369.9726257324219 
593.0454711914062 
366.78515625 
303.79339599609375 
401.07745361328125 
396.6862487792969 
197.5665283203125 
682.7542724609375 
524.432373046875 
961.2114868164062 
424.9577941894531 
248.48561096191406 
318.558837890625 
333.4723205566406 
638.3656005859375 
143.907470703125 
266.2427978515625 
265.2538146972656 
558.527587890625 
96.64410400390625 
166.7113800048828 
330.60614013671875 
99.44322204589844 
107.8142318725586 
369.7278747558594 
751.9578247070312 
119.52323150634766 
1428.4859619140625 
166.61756896972656 
294.07049560546875 
587.4334716796875 
362.17987060546875 
326.9425048828125 
319.6630554199219 
98.3944091796875 
405.3996887207031 
561.3151245117188 
478.3562927246094 
126.26779174804688 
282.5744323730469 
204.7158966064453 
376.2380676269531 
140.65536499023438 
428.2281188964844 
141.95018005371094 
669.9015502929688 
1223.934814453125 
228.629150390625 
247.99632263183594 
314.8623046875 
283.8331604003906 
420.8607177734375 
129.98178100585938 
444.02362060546875 
571.9161376953125 
1033.4937744140625 
668.205078125 
100.47125244140625 
219.2442626953125 
242.20391845703125 
292.40289306640625 
287.6114807128906 
528.9637451171875 
152.3502197265625 
131.39988708496094 
211.947265625 
167.96047973632812 
946.7852783203125 
342.5879211425781 
774.4064331054688 
502.9643859863281 
1859.297119140625 
476.1673278808594 
3215.01416015625 
1077.6497802734375 
573.7484130859375 
1259.346923828125 
1219.0616455078125 
750.9486083984375 
1741.0684814453125 
1396.48779296875 
324.1555480957031 
1155.62646484375 
1617.4512939453125 
268.56195068359375 
1384.8878173828125 
958.6029663085938 
249.34378051757812 
681.37646484375 
1218.437744140625 
1037.3441162109375 
701.4869384765625 
711.117431640625 
808.6398315429688 
677.5208740234375 
957.6693115234375 
689.2312622070312 
578.4769287109375 
783.2716064453125 
740.000244140625 
320.8428649902344 
667.5963745117188 
223.82858276367188 
540.7089233398438 
215.46961975097656 
168.40264892578125 
119.668212890625 
435.8586730957031 
240.2549591064453 
493.480712890625 
152.5833740234375 
409.8516540527344 
734.3355712890625 
322.5057067871094 
301.8846435546875 
302.6452941894531 
131.19142150878906 
171.59072875976562 
164.5092010498047 
515.4699096679688 
734.4793701171875 
222.8308563232422 
148.6713104248047 
277.9770812988281 
261.851318359375 
123.07752990722656 
106.76181030273438 
639.277099609375 
629.460693359375 
211.49720764160156 
172.47494506835938 
185.70301818847656 
1434.4375 
114.72666931152344 
435.62457275390625 
906.1698608398438 
285.5452575683594 
135.06842041015625 
157.76483154296875 
483.3025207519531 
124.50497436523438 
465.9822082519531 
438.6512756347656 
229.10438537597656 
221.41844177246094 
233.6622314453125 
631.9976806640625 
726.4240112304688 
110.80079650878906 
361.272705078125 
177.91322326660156 
568.2012939453125 
652.2822265625 
341.3054504394531 
928.0435791015625 
574.8731079101562 
656.8742065429688 
609.1080932617188 
464.4085693359375 
899.27587890625 
427.13897705078125 
279.9800720214844 
341.9901123046875 
441.7015686035156 
134.81431579589844 
825.633056640625 
517.1107177734375 
324.54266357421875 
398.0517883300781 
411.70819091796875 
853.3599853515625 
1574.57763671875 
283.6775817871094 
443.5329895019531 
1347.3126220703125 
252.38072204589844 
662.7642211914062 
816.00244140625 
416.7074279785156 
515.8070678710938 
868.7304077148438 
814.695556640625 
294.8829040527344 
655.4150390625 
561.4873657226562 
768.7567749023438 
248.486328125 
392.69927978515625 
154.87530517578125 
264.8055114746094 
1655.8597412109375 
1423.6771240234375 
799.2531127929688 
553.23046875 
682.3988647460938 
577.158203125 
831.062255859375 
665.3798217773438 
518.9263305664062 
1066.847900390625 
428.9594421386719 
506.67230224609375 
685.3392333984375 
442.905517578125 
494.81781005859375 
726.2891235351562 
951.9505004882812 
233.82379150390625 
945.014404296875 
1052.24853515625 
474.0480041503906 
308.6869812011719 
306.064208984375 
528.3007202148438 
799.8648071289062 
231.82574462890625 
346.3583984375 
402.9595947265625 
544.3141479492188 
108.23535919189453 
679.8833618164062 
536.31689453125 
494.70098876953125 
704.5380249023438 
600.6958618164062 
343.8607482910156 
1250.802490234375 
189.1004180908203 
466.013427734375 
525.3992309570312 
417.2696228027344 
272.64764404296875 
831.2089233398438 
361.72967529296875 
224.06809997558594 
693.7125244140625 
672.71923828125 
458.1237487792969 
1103.852783203125 
796.5889892578125 
519.0972900390625 
1025.485595703125 
833.0346069335938 
914.019775390625 
303.4223327636719 
559.142822265625 
330.62518310546875 
623.4195556640625 
797.2197265625 
490.1379089355469 
262.7005310058594 
510.8143005371094 
320.1533508300781 
232.87594604492188 
461.0872802734375 
177.68077087402344 
482.3696594238281 
466.942626953125 
557.1630859375 
387.64569091796875 
912.7162475585938 
181.65625 
748.3323974609375 
204.7354278564453 
533.2567749023438 
379.6743469238281 
287.10589599609375 
618.054931640625 
386.61944580078125 
149.88125610351562 
351.3961181640625 
1038.495849609375 
481.4715881347656 
867.2158813476562 
379.86346435546875 
171.9165496826172 
379.09393310546875 
821.7596435546875 
292.6803283691406 
234.97023010253906 
725.5023803710938 
591.0352783203125 
427.6809997558594 
693.4131469726562 
306.6493225097656 
452.1480407714844 
242.15538024902344 
362.032470703125 
439.85101318359375 
108.3622817993164 
197.6878204345703 
848.059326171875 
172.41558837890625 
257.90716552734375 
129.92520141601562 
426.216064453125 
369.4417724609375 
167.53382873535156 
206.69561767578125 
638.7463989257812 
335.92333984375 
253.1729736328125 
188.2469482421875 
366.8205871582031 
1247.26708984375 
128.61114501953125 
565.269775390625 
757.307373046875 
212.40274047851562 
508.8768310546875 
195.3490447998047 
216.74032592773438 
341.86737060546875 
243.20245361328125 
152.57737731933594 
651.4898071289062 
222.50531005859375 
209.868408203125 
490.430419921875 
471.7817077636719 
561.3042602539062 
244.87652587890625 
281.5478515625 
234.29429626464844 
177.4335174560547 
217.31224060058594 
549.620361328125 
151.96298217773438 
263.5140075683594 
437.32147216796875 
588.1514892578125 
583.6495971679688 
321.2806701660156 
162.26617431640625 
240.97052001953125 
225.5316925048828 
427.1414794921875 
405.2126159667969 
267.052490234375 
394.3348083496094 
298.911376953125 
291.3018493652344 
199.1010284423828 
241.7478790283203 
297.2726135253906 
409.1601867675781 
688.803955078125 
632.0232543945312 
249.88841247558594 
205.8228302001953 
279.791015625 
246.29583740234375 
348.84600830078125 
81.45341491699219 
735.2469482421875 
127.75660705566406 
302.3531494140625 
134.20408630371094 
94.22431182861328 
143.81976318359375 
373.0265808105469 
318.1773681640625 
160.76324462890625 
253.02249145507812 
223.35415649414062 
464.6582946777344 
393.2956848144531 
518.9224853515625 
107.35932922363281 
447.5408630371094 
106.03343963623047 
1592.126708984375 
422.9228515625 
765.624267578125 
968.0588989257812 
148.96022033691406 
1026.90576171875 
995.567626953125 
264.42364501953125 
360.3374938964844 
391.763671875 
234.00169372558594 
610.3551635742188 
493.286376953125 
1109.684326171875 
135.65866088867188 
381.3966369628906 
408.1549987792969 
1029.976318359375 
242.53025817871094 
124.41512298583984 
657.728515625 
116.19769287109375 
405.989013671875 
271.0257263183594 
65.69982147216797 
229.46875 
592.0702514648438 
182.98794555664062 
270.3533630371094 
61.6087646484375 
146.91835021972656 
243.906982421875 
172.7327880859375 
237.91615295410156 
151.40968322753906 
306.4250183105469 
639.6436767578125 
117.58588409423828 
190.41458129882812 
969.3570556640625 
626.162841796875 
523.3836669921875 
137.9716796875 
1627.5985107421875 
1748.0645751953125 
582.0462646484375 
489.3183288574219 
257.77081298828125 
895.4258422851562 
904.6846313476562 
698.5587158203125 
561.1707763671875 
198.8400115966797 
497.39935302734375 
458.5254821777344 
840.8650512695312 
610.0228881835938 
406.4416198730469 
1096.260986328125 
326.827880859375 
810.2935791015625 
822.9969482421875 
328.8006896972656 
687.6846923828125 
236.5607452392578 
589.9933471679688 
495.2149963378906 
252.7545166015625 
405.37060546875 
470.9576416015625 
483.7396240234375 
444.1578674316406 
563.2675170898438 
363.4388732910156 
152.3681640625 
125.3452377319336 
155.5288543701172 
612.8748779296875 
237.70599365234375 
350.2547607421875 
1578.0364990234375 
269.3118591308594 
417.6368408203125 
222.2063751220703 
134.94920349121094 
235.09280395507812 
213.61001586914062 
265.38330078125 
708.6549072265625 
377.6441345214844 
135.42044067382812 
593.946533203125 
377.8504943847656 
789.2059936523438 
525.2664794921875 
528.6311645507812 
998.2158813476562 
1154.2296142578125 
474.5789794921875 
602.7722778320312 
943.579833984375 
493.5596923828125 
1289.7933349609375 
494.71197509765625 
165.85130310058594 
751.1642456054688 
1133.08203125 
447.04937744140625 
641.9800415039062 
830.1663818359375 
280.36260986328125 
1381.1864013671875 
431.4224853515625 
770.7425537109375 
252.40948486328125 
1020.4730224609375 
220.9276885986328 
431.8135986328125 
532.5302124023438 
595.3823852539062 
330.5235595703125 
741.0172729492188 
2292.632568359375 
293.91412353515625 
568.71826171875 
678.20556640625 
419.3194580078125 
1086.5447998046875 
949.0557861328125 
222.908203125 
1045.770263671875 
261.4248352050781 
328.8585205078125 
1165.35791015625 
292.76507568359375 
157.38442993164062 
2445.12890625 
498.73876953125 
199.0876007080078 
512.683349609375 
399.38433837890625 
1087.4617919921875 
1681.8565673828125 
425.1677551269531 
319.6185302734375 
530.0593872070312 
114.87832641601562 
661.2237548828125 
1699.954345703125 
517.2559204101562 
322.7654113769531 
279.8189392089844 
239.3450469970703 
1176.6849365234375 
481.8638916015625 
610.07958984375 
480.427001953125 
549.394775390625 
789.2938842773438 
690.6075439453125 
458.7671203613281 
507.1363525390625 
921.0318603515625 
347.6144714355469 
451.57415771484375 
457.6769714355469 
657.3878784179688 
554.1426391601562 
857.6087646484375 
799.28759765625 
1133.4901123046875 
1008.2627563476562 
1005.46044921875 
514.5941772460938 
416.4793395996094 
260.07373046875 
195.97286987304688 
214.58953857421875 
811.850830078125 
452.1785583496094 
495.39862060546875 
556.03564453125 
430.3228759765625 
481.3993225097656 
495.432861328125 
441.8148193359375 
1486.6502685546875 
740.4281616210938 
379.63525390625 
676.0003662109375 
440.3906555175781 
362.17333984375 
240.77310180664062 
650.0238037109375 
370.2449951171875 
868.1082153320312 
1238.5782470703125 
251.37603759765625 
848.1878662109375 
506.9552001953125 
1461.7786865234375 
299.2154541015625 
619.3895874023438 
1569.995361328125 
409.65460205078125 
2505.5859375 
2385.130126953125 
696.1849975585938 
446.8421936035156 
1415.02392578125 
1530.2265625 
409.4656982421875 
1277.5240478515625 
1309.9495849609375 
456.52545166015625 
330.06134033203125 
1303.0980224609375 
865.9884033203125 
744.9478149414062 
814.3482666015625 
542.6910400390625 
201.9911651611328 
433.9627380371094 
471.7705078125 
462.1611328125 
465.5999755859375 
1485.743896484375 
402.851806640625 
672.08642578125 
508.1824951171875 
1616.78076171875 
586.76318359375 
437.2203674316406 
987.4518432617188 
807.5980224609375 
615.3636474609375 
367.40838623046875 
1122.3797607421875 
1226.6754150390625 
1157.743896484375 
1010.87255859375 
978.108154296875 
572.9699096679688 
353.9676513671875 
315.3463439941406 
299.7450256347656 
653.4227905273438 
586.921875 
283.64483642578125 
357.17340087890625 
843.118896484375 
355.78094482421875 
656.855224609375 
189.84446716308594 
290.1987609863281 
1695.1773681640625 
376.7046203613281 
361.0165710449219 
918.3003540039062 
441.9601135253906 
1040.4212646484375 
895.6517333984375 
275.1383972167969 
877.5625610351562 
504.6595153808594 
364.85546875 
444.9806823730469 
229.15635681152344 
88.14707946777344 
454.28472900390625 
1071.288330078125 
367.1381530761719 
230.590576171875 
925.0186767578125 
699.18017578125 
256.8385009765625 
200.8535919189453 
678.3023071289062 
209.46469116210938 
687.1925048828125 
288.7585144042969 
158.66896057128906 
777.2035522460938 
1342.611083984375 
506.1728210449219 
401.7291259765625 
708.7261962890625 
452.4815673828125 
236.12330627441406 
501.9827880859375 
499.8690185546875 
166.91392517089844 
360.6239013671875 
872.5360717773438 
492.1104736328125 
594.489501953125 
1270.55322265625 
703.6828002929688 
740.8533325195312 
797.3623046875 
1142.151123046875 
381.5845642089844 
789.3457641601562 
2192.6162109375 
685.3101196289062 
1025.9613037109375 
672.5736694335938 
944.160400390625 
1826.82373046875 
337.49188232421875 
623.2608642578125 
1225.2447509765625 
954.4100952148438 
911.4996337890625 
1309.8028564453125 
318.760498046875 
1825.484130859375 
1324.4627685546875 
641.260498046875 
634.125 
614.2738647460938 
810.1248779296875 
962.6636352539062 
505.49737548828125 
2515.657470703125 
552.9207763671875 
455.1812744140625 
1961.01318359375 
758.950927734375 
1236.424560546875 
713.1248168945312 
622.4915161132812 
949.6348876953125 
1544.580810546875 
465.4644775390625 
1391.4869384765625 
924.8897094726562 
606.602783203125 
1499.6119384765625 
1132.27685546875 
586.2403564453125 
760.2684326171875 
759.6142578125 
1523.8961181640625 
743.2926025390625 
777.5565185546875 
1183.4471435546875 
719.9342651367188 
1295.2738037109375 
485.6537170410156 
1234.994384765625 
888.5255737304688 
903.9102783203125 
714.1487426757812 
1135.4398193359375 
1841.444580078125 
1065.5675048828125 
691.4343872070312 
1696.96337890625 
1663.337158203125 
758.5997924804688 
1708.9254150390625 
1527.8099365234375 
607.2490234375 
1504.7431640625 
1407.6143798828125 
745.6854858398438 
1467.109130859375 
901.160888671875 
2656.3310546875 
999.1915893554688 
848.9820556640625 
1611.16015625 
1372.771484375 
778.5433349609375 
643.583984375 
690.1942138671875 
532.443115234375 
1338.351318359375 
2206.6025390625 
759.350341796875 
554.2537231445312 
654.982421875 
1056.2659912109375 
837.0244140625 
761.1710205078125 
730.181396484375 
1358.998779296875 
530.416015625 
895.003662109375 
841.115478515625 
866.821044921875 
563.9824829101562 
1260.4561767578125 
403.15728759765625 
1058.7200927734375 
600.5798950195312 
488.9790344238281 
662.1337890625 
631.1511840820312 
1363.5657958984375 
294.2356262207031 
1088.0081787109375 
1118.319580078125 
880.4183959960938 
911.1702270507812 
1097.1094970703125 
293.6079406738281 
653.8558349609375 
576.031005859375 
94.68999481201172 
976.604248046875 
679.4589233398438 
485.11517333984375 
209.10330200195312 
412.205810546875 
330.7518310546875 
593.9407348632812 
290.8756103515625 
711.3319091796875 
370.16943359375 
667.0762939453125 
1162.098388671875 
525.6600341796875 
486.370849609375 
511.8872375488281 
370.4740295410156 
737.4307250976562 
366.1344909667969 
278.2115173339844 
378.50384521484375 
227.94064331054688 
384.8253479003906 
1270.218505859375 
244.2894744873047 
451.2564392089844 
184.85520935058594 
223.3221435546875 
691.2206420898438 
688.4306030273438 
292.42047119140625 
273.97613525390625 
2285.57666015625 
140.4368438720703 
160.59793090820312 
179.84349060058594 
272.8447265625 
145.8043670654297 
333.6066589355469 
164.9451904296875 
378.4549255371094 
715.741455078125 
104.1603775024414 
580.8187255859375 
159.766357421875 
111.55111694335938 
657.0596313476562 
291.91595458984375 
289.3438720703125 
161.2779083251953 
118.20858764648438 
95.03475189208984 
93.44256591796875 
691.8743286132812 
286.41363525390625 
71.75234985351562 
349.7368469238281 
109.4098129272461 
546.5115966796875 
134.45016479492188 
433.5580139160156 
163.6935272216797 
190.73016357421875 
208.02565002441406 
948.8763427734375 
256.9903869628906 
614.2647705078125 
341.0754089355469 
336.53192138671875 
457.0904846191406 
799.15380859375 
348.8422546386719 
200.60780334472656 
468.7588195800781 
170.42190551757812 
128.14639282226562 
674.857177734375 
247.89923095703125 
162.1664276123047 
85.8270263671875 
203.2857666015625 
329.9184265136719 
542.894775390625 
1073.518798828125 
624.5038452148438 
615.42919921875 
482.60699462890625 
205.93072509765625 
1036.4407958984375 
192.9700164794922 
1321.1414794921875 
785.8145751953125 
1175.73388671875 
715.7064208984375 
500.67279052734375 
542.462646484375 
1146.9658203125 
510.6588439941406 
115.48418426513672 
1089.5333251953125 
1219.900634765625 
1034.8436279296875 
745.85986328125 
902.4557495117188 
781.21826171875 
899.946533203125 
371.53094482421875 
490.95318603515625 
672.0643920898438 
1082.672607421875 
669.1659545898438 
991.6563110351562 
1184.327392578125 
1273.705322265625 
916.6033325195312 
395.76922607421875 
513.8419799804688 
100.86952209472656 
503.104736328125 
492.3868408203125 
1282.4644775390625 
546.3301391601562 
488.1506042480469 
163.03817749023438 
411.3902893066406 
809.56640625 
348.8853759765625 
298.1397399902344 
244.10060119628906 
499.802978515625 
1531.7216796875 
411.2509765625 
1063.296875 
668.4561767578125 
469.5171813964844 
1200.6695556640625 
1060.6783447265625 
856.90673828125 
417.661376953125 
730.8580932617188 
385.37030029296875 
648.4267578125 
851.3373413085938 
327.578857421875 
497.35174560546875 
1052.56201171875 
1073.00048828125 
1278.032470703125 
1006.5928955078125 
1501.7344970703125 
179.50904846191406 
271.75701904296875 
1112.8868408203125 
444.6334228515625 
350.78338623046875 
303.219970703125 
820.8155517578125 
448.0986633300781 
435.0825500488281 
986.8799438476562 
335.844970703125 
243.35885620117188 
746.4243774414062 
571.343994140625 
327.9524841308594 
671.145263671875 
171.5660858154297 
158.7726593017578 
581.4537353515625 
544.0612182617188 
830.259521484375 
695.6378173828125 
483.8448486328125 
185.28172302246094 
354.8670654296875 
619.4100952148438 
600.5655517578125 
168.58734130859375 
409.64044189453125 
281.9903869628906 
181.13470458984375 
1431.0111083984375 
671.985107421875 
404.34759521484375 
611.6353759765625 
949.1851806640625 
422.9998474121094 
229.4694061279297 
276.139892578125 
1715.5213623046875 
1834.403076171875 
812.9027099609375 
289.09454345703125 
1101.30810546875 
737.6539306640625 
783.6809692382812 
497.26080322265625 
766.5642700195312 
84.24382781982422 
491.1580810546875 
726.4379272460938 
118.25568389892578 
336.50494384765625 
827.5615844726562 
1273.5853271484375 
171.16439819335938 
709.8291015625 
386.36822509765625 
323.6570739746094 
1396.3721923828125 
1146.2464599609375 
401.9936218261719 
519.9869384765625 
565.863037109375 
1755.254150390625 
856.806884765625 
516.2879638671875 
520.1570434570312 
1150.9722900390625 
677.0170288085938 
592.9332885742188 
562.5280151367188 
293.3233947753906 
392.92303466796875 
119.19741821289062 
229.40228271484375 
209.637939453125 
148.45083618164062 
234.1044921875 
1507.0093994140625 
143.38284301757812 
777.0836791992188 
237.26785278320312 
605.6504516601562 
1693.7496337890625 
759.8170166015625 
671.7078857421875 
601.6615600585938 
909.6934204101562 
823.9235229492188 
1558.6075439453125 
630.7215576171875 
127.17323303222656 
770.9996948242188 
537.1797485351562 
726.6002807617188 
366.2314758300781 
1310.54052734375 
877.046875 
915.7769775390625 
164.85586547851562 
301.53289794921875 
857.9776000976562 
376.806884765625 
269.5693664550781 
542.3659057617188 
539.0194702148438 
92.30534362792969 
426.6985168457031 
495.2491760253906 
903.47607421875 
306.9397277832031 
900.2694091796875 
388.04168701171875 
369.626708984375 
1450.68359375 
742.15380859375 
731.2837524414062 
1078.9237060546875 
553.5465698242188 
1040.4459228515625 
378.6493225097656 
391.4930419921875 
553.4447021484375 
1177.55029296875 
1176.010498046875 
250.83169555664062 
872.7947387695312 
2159.858642578125 
615.375732421875 
1167.143310546875 
868.5235595703125 
508.96966552734375 
1025.8240966796875 
575.36962890625 
745.0709228515625 
467.3448486328125 
830.3758544921875 
298.150146484375 
949.1033325195312 
1116.6400146484375 
333.55615234375 
857.6110229492188 
2539.597900390625 
805.5755004882812 
740.9450073242188 
1131.4227294921875 
732.522216796875 
864.672119140625 
779.3782958984375 
796.7911376953125 
312.8922424316406 
509.5532531738281 
450.84918212890625 
2051.12890625 
279.8636169433594 
347.58856201171875 
475.6437072753906 
701.0429077148438 
167.99789428710938 
484.46826171875 
251.8895721435547 
508.7548828125 
118.92414855957031 
239.7572021484375 
44.14951705932617 
485.288818359375 
433.220703125 
338.8038024902344 
194.98519897460938 
614.6781616210938 
1568.003173828125 
463.2010498046875 
983.0609130859375 
183.1683807373047 
185.6723175048828 
357.5693664550781 
181.04180908203125 
629.2568359375 
1118.3099365234375 
498.9400939941406 
402.97784423828125 
1398.70361328125 
945.2376708984375 
1228.0086669921875 
529.2996215820312 
461.4482421875 
907.4384155273438 
848.1502075195312 
1313.2569580078125 
463.7771911621094 
570.6803588867188 
987.5463256835938 
766.595703125 
128.7877960205078 
488.36578369140625 
562.9985961914062 
416.63055419921875 
185.13002014160156 
418.617919921875 
852.5589599609375 
562.474853515625 
695.8269653320312 
340.9160461425781 
151.9037628173828 
205.62413024902344 
212.78863525390625 
127.72525787353516 
314.87945556640625 
520.2764892578125 
1051.767578125 
151.9882354736328 
631.9360961914062 
470.6763916015625 
242.92591857910156 
663.1798095703125 
163.75057983398438 
223.802001953125 
145.55075073242188 
177.90391540527344 
212.46592712402344 
93.98190307617188 
429.8553466796875 
114.52870178222656 
283.9269714355469 
328.035888671875 
1020.6854858398438 
243.0369110107422 
652.9803466796875 
463.2291259765625 
558.7493896484375 
1178.7550048828125 
1287.9097900390625 
875.655517578125 
1213.700927734375 
917.6895751953125 
344.4484558105469 
430.7964782714844 
598.2562866210938 
372.1483154296875 
1865.64306640625 
378.8504638671875 
1256.8721923828125 
955.9971923828125 
1067.4635009765625 
2627.548583984375 
1033.144287109375 
616.6956787109375 
1520.4110107421875 
642.7088012695312 
832.8949584960938 
771.43359375 
582.06103515625 
770.8660278320312 
475.1711120605469 
1022.7329711914062 
863.5267944335938 
951.7725830078125 
1498.6552734375 
331.4210510253906 
1565.8648681640625 
536.1654052734375 
384.317626953125 
1032.9368896484375 
420.78582763671875 
290.18927001953125 
790.7130737304688 
799.6310424804688 
280.3599853515625 
435.1277770996094 
467.4717102050781 
615.037109375 
370.1703186035156 
285.951904296875 
54.594017028808594 
147.86190795898438 
1711.0146484375 
655.0392456054688 
971.6203002929688 
912.7758178710938 
1009.441162109375 
877.4391479492188 
661.4421997070312 
328.64984130859375 
376.46270751953125 
306.9342956542969 
369.7910461425781 
211.68185424804688 
959.7041625976562 
1739.0125732421875 
1365.69580078125 
813.039794921875 
302.83154296875 
678.4183349609375 
687.39501953125 
894.3671875 
1019.1499633789062 
791.810302734375 
1007.0234985351562 
1472.200439453125 
1267.015380859375 
2221.43310546875 
800.9373779296875 
1016.2779541015625 
633.1170654296875 
300.74627685546875 
348.54058837890625 
1010.1288452148438 
295.8236999511719 
1429.3359375 
656.1998291015625 
576.2416381835938 
539.3154296875 
1408.677978515625 
856.5111694335938 
1456.62646484375 
904.1202392578125 
1011.1326293945312 
450.509765625 
467.8056335449219 
1020.263916015625 
872.1162109375 
190.147705078125 
579.7990112304688 
890.596435546875 
530.2278442382812 
403.02679443359375 
1212.2271728515625 
479.80999755859375 
998.4657592773438 
1412.2774658203125 
683.5296630859375 
957.3807373046875 
518.472412109375 
988.6492919921875 
589.2098388671875 
1044.841796875 
354.0657958984375 
243.39248657226562 
554.1385498046875 
1290.088623046875 
467.9449157714844 
865.8357543945312 
1238.6787109375 
745.131103515625 
343.2309875488281 
662.4202880859375 
441.851318359375 
1133.98291015625 
670.086181640625 
292.42071533203125 
667.3733520507812 
657.0525512695312 
1302.5404052734375 
1068.6767578125 
631.4855346679688 
515.01904296875 
636.56201171875 
919.7350463867188 
1548.593505859375 
894.0462646484375 
437.4754333496094 
1734.8179931640625 
600.346435546875 
626.7392578125 
304.86102294921875 
237.57496643066406 
653.9105834960938 
1180.4005126953125 
387.1017761230469 
332.8932189941406 
1282.016845703125 
767.4150390625 
1060.39501953125 
691.7172241210938 
421.31298828125 
638.2391357421875 
963.8578491210938 
793.49755859375 
492.07373046875 
2095.11279296875 
321.592041015625 
1194.1273193359375 
828.7662353515625 
940.9467163085938 
2210.587890625 
655.2884521484375 
663.84423828125 
505.8807373046875 
686.3601684570312 
641.8427734375 
734.7513427734375 
941.3721313476562 
1262.376220703125 
494.8296203613281 
385.21484375 
705.3330688476562 
770.3634033203125 
352.4359436035156 
1455.665283203125 
609.529052734375 
727.7293701171875 
401.3009948730469 
350.3778991699219 
780.9899291992188 
207.7161407470703 
486.1793212890625 
785.5748291015625 
612.3359375 
491.0703125 
1650.3597412109375 
1236.1107177734375 
694.796630859375 
1008.1611938476562 
532.4124755859375 
716.3001708984375 
719.0606079101562 
1342.277099609375 
350.9708251953125 
550.1227416992188 
492.63519287109375 
550.9030151367188 
1304.6759033203125 
410.56884765625 
803.7234497070312 
580.7827758789062 
618.9107666015625 
609.591796875 
652.6988525390625 
1087.7999267578125 
809.976806640625 
690.7097778320312 
394.825439453125 
764.1019897460938 
551.1158447265625 
729.083984375 
490.58331298828125 
717.6337890625 
660.1937255859375 
1503.93017578125 
1420.218505859375 
1788.21044921875 
1040.7781982421875 
1811.34521484375 
568.7438354492188 
1129.193115234375 
1037.4566650390625 
295.65753173828125 
947.2877807617188 
752.14794921875 
643.9904174804688 
1026.9281005859375 
771.1049194335938 
726.1005249023438 
904.7249755859375 
873.8882446289062 
647.1012573242188 
3172.284912109375 
408.9296875 
567.951171875 
1054.52490234375 
551.4603271484375 
834.7057495117188 
444.52764892578125 
638.8450317382812 
216.73312377929688 
369.833740234375 
1082.3818359375 
447.5301208496094 
891.0923461914062 
710.760009765625 
1565.0556640625 
1289.062744140625 
434.4388122558594 
935.7269287109375 
552.290283203125 
457.1583557128906 
237.24935913085938 
401.7304992675781 
437.6545104980469 
562.93896484375 
267.7001037597656 
609.6636352539062 
121.05702209472656 
278.7743835449219 
578.0492553710938 
949.1799926757812 
435.8315734863281 
428.00006103515625 
566.3771362304688 
691.31494140625 
358.1102294921875 
407.7447814941406 
652.0029907226562 
750.615966796875 
241.50009155273438 
567.9509887695312 
680.9758911132812 
228.45147705078125 
875.59521484375 
469.7355651855469 
357.24652099609375 
301.6104736328125 
305.0396423339844 
1061.43603515625 
295.36175537109375 
727.8347778320312 
1041.138671875 
397.6373291015625 
409.6020812988281 
871.2869262695312 
1183.2672119140625 
2219.014892578125 
839.0042724609375 
1206.9564208984375 
394.82965087890625 
1058.82421875 
1122.0294189453125 
291.6772155761719 
765.1907958984375 
963.249267578125 
483.2249450683594 
648.1267700195312 
453.8614501953125 
901.3327026367188 
720.1666870117188 
1068.0185546875 
825.7380981445312 
1586.9197998046875 
918.3115234375 
1102.9588623046875 
288.0799560546875 
792.0443725585938 
1696.562744140625 
1223.9893798828125 
1164.81640625 
1158.7474365234375 
582.5664672851562 
527.1596069335938 
749.9309692382812 
1052.130859375 
1273.1572265625 
970.76611328125 
888.6441650390625 
755.6076049804688 
510.8000183105469 
658.5247802734375 
1208.607421875 
961.4627075195312 
666.6524658203125 
1092.4609375 
884.8089599609375 
1615.8599853515625 
1356.63623046875 
1673.3603515625 
756.1333618164062 
1017.1399536132812 
591.8603515625 
1064.7772216796875 
1111.533935546875 
1275.5372314453125 
1077.8646240234375 
679.0383911132812 
799.6627807617188 
1449.929931640625 
726.9274291992188 
614.3590698242188 
670.1555786132812 
1085.2950439453125 
795.058349609375 
851.1931762695312 
856.8782348632812 
416.1192932128906 
710.1102905273438 
382.2947998046875 
659.82421875 
878.7212524414062 
2059.88232421875 
856.2196655273438 
1401.2030029296875 
1286.5350341796875 
1382.3289794921875 
1528.91259765625 
901.9017333984375 
529.6962890625 
1342.4600830078125 
1684.8951416015625 
1094.2943115234375 
906.73046875 
1210.2193603515625 
620.8839721679688 
923.908935546875 
1157.43212890625 
744.6510620117188 
636.9259033203125 
1516.326416015625 
769.6929321289062 
670.93359375 
962.4286499023438 
878.7620849609375 
942.4536743164062 
591.04052734375 
554.1271362304688 
2374.24658203125 
336.11419677734375 
867.4152221679688 
763.6862182617188 
704.7377319335938 
643.767822265625 
1334.997802734375 
682.7105712890625 
1087.0308837890625 
1059.0341796875 
544.6783447265625 
756.50048828125 
691.9317626953125 
1213.01953125 
1666.65625 
1117.8114013671875 
1584.6123046875 
875.3395385742188 
1212.1820068359375 
721.3909912109375 
318.9778747558594 
1193.6793212890625 
1034.0716552734375 
745.7794189453125 
749.979736328125 
625.6941528320312 
818.6201782226562 
562.5155639648438 
1385.5712890625 
1512.694091796875 
625.326171875 
1186.647705078125 
1047.8450927734375 
1044.391845703125 
1354.59326171875 
1183.8212890625 
758.56689453125 
1502.5458984375 
350.5408935546875 
1566.98046875 
945.628173828125 
202.4716796875 
790.6577758789062 
837.9223022460938 
1449.0889892578125 
939.4320678710938 
583.6568603515625 
287.24420166015625 
197.5235137939453 
223.51206970214844 
322.6316833496094 
240.17311096191406 
478.16082763671875 
504.9143981933594 
601.2310791015625 
729.7919921875 
313.2454833984375 
573.6127319335938 
451.4665832519531 
299.8276672363281 
474.22332763671875 
686.390380859375 
107.2957992553711 
750.00830078125 
216.72906494140625 
363.2281494140625 
301.555908203125 
538.785400390625 
173.19920349121094 
186.80880737304688 
270.2752990722656 
189.6188507080078 
224.64549255371094 
683.2307739257812 
203.85353088378906 
218.17587280273438 
340.7860412597656 
364.531005859375 
277.9547424316406 
393.7715148925781 
1295.3265380859375 
191.95321655273438 
107.27465057373047 
280.8453674316406 
228.84384155273438 
831.2034301757812 
553.08544921875 
562.8035278320312 
114.91638946533203 
762.190673828125 
415.53955078125 
643.2428588867188 
174.66159057617188 
225.05609130859375 
314.10601806640625 
212.54855346679688 
166.8091278076172 
1262.4942626953125 
583.5137939453125 
185.42703247070312 
376.03912353515625 
581.5018310546875 
372.4443359375 
718.7190551757812 
568.3024291992188 
295.47247314453125 
478.616943359375 
709.6401977539062 
357.7783203125 
842.6559448242188 
1154.3408203125 
326.87310791015625 
247.0335693359375 
542.9671630859375 
663.4675903320312 
372.9180908203125 
432.6414489746094 
440.0966491699219 
413.0469970703125 
1235.260009765625 
505.6192321777344 
1212.156494140625 
657.8323974609375 
461.0657043457031 
1866.722900390625 
1278.97509765625 
695.658447265625 
216.79583740234375 
640.3453369140625 
501.0242919921875 
1504.1103515625 
230.29954528808594 
1296.3399658203125 
695.2780151367188 
258.6737060546875 
837.3787841796875 
853.654296875 
1538.8843994140625 
1494.701416015625 
527.54296875 
1347.9384765625 
983.412109375 
949.867431640625 
1822.9921875 
1212.432861328125 
636.5238647460938 
817.5346069335938 
814.0179443359375 
837.715087890625 
1010.2968139648438 
836.7718505859375 
1064.1824951171875 
995.29296875 
1080.661865234375 
968.1401977539062 
673.9841918945312 
1022.3189086914062 
652.4857788085938 
1702.43212890625 
708.2461547851562 
676.1727905273438 
828.0442504882812 
726.3827514648438 
415.927490234375 
1422.51513671875 
1365.5792236328125 
936.7955322265625 
1121.501220703125 
493.3417053222656 
1207.92041015625 
1412.599365234375 
783.42236328125 
1229.130859375 
1000.0907592773438 
835.3829345703125 
1486.5972900390625 
1069.311279296875 
1119.069091796875 
824.12451171875 
725.7952270507812 
960.3043212890625 
1183.478759765625 
2092.8798828125 
1424.0572509765625 
1232.195068359375 
675.5393676757812 
472.93109130859375 
940.5504150390625 
1942.3184814453125 
1375.5753173828125 
1740.6298828125 
1909.5150146484375 
809.1765747070312 
1781.0252685546875 
1452.006103515625 
587.5796508789062 
875.587646484375 
1586.82177734375 
1074.5068359375 
779.8956298828125 
730.1786499023438 
1104.5181884765625 
932.544189453125 
623.7567749023438 
1001.0333251953125 
738.5582275390625 
523.8017578125 
1127.713134765625 
1609.998779296875 
818.9542236328125 
1208.84228515625 
814.6326904296875 
692.8836059570312 
1109.3291015625 
566.9910278320312 
883.009521484375 
688.0939331054688 
1180.0185546875 
1147.26708984375 
695.576171875 
1621.1851806640625 
1209.0811767578125 
433.5056457519531 
1038.2236328125 
1007.9429931640625 
741.18408203125 
860.697998046875 
384.60638427734375 
1406.5355224609375 
596.49609375 
758.03076171875 
1336.52001953125 
1009.5551147460938 
783.212158203125 
1438.29296875 
860.9766235351562 
686.4562377929688 
