1.8 
2.1 
2.466666666666667 
2.85 
3.2399999999999998 
3.633333333333333 
4.057142857142857 
4.45 
4.844444444444445 
5.260000000000001 
5.654545454545455 
6.050000000000001 
6.461538461538463 
6.8571428571428585 
7.253333333333334 
7.6625000000000005 
8.058823529411764 
8.455555555555556 
8.86315789473684 
9.229999999999999 
9.56190476190476 
9.872727272727271 
10.147826086956519 
10.399999999999997 
10.639999999999995 
10.853846153846149 
11.059259259259253 
11.242857142857137 
11.41379310344827 
11.579999999999993 
11.72903225806451 
11.868749999999993 
12.006060606060599 
12.129411764705875 
12.245714285714278 
12.361111111111104 
12.464864864864857 
12.563157894736834 
12.661538461538454 
12.749999999999993 
12.834146341463407 
12.919047619047612 
12.995348837209296 
13.068181818181813 
13.142222222222216 
13.208695652173908 
13.276595744680845 
13.337499999999997 
13.395918367346937 
13.455999999999996 
13.509803921568626 
13.56153846153846 
13.61509433962264 
13.599999999999998 
13.58181818181818 
13.56785714285714 
13.561403508771928 
13.555172413793102 
13.552542372881355 
13.556666666666665 
13.560655737704915 
13.567741935483868 
13.580952380952377 
13.593749999999996 
13.609230769230766 
13.630303030303027 
13.650746268656713 
13.673529411764704 
13.701449275362318 
13.728571428571428 
13.76056338028169 
13.791666666666666 
13.824657534246576 
13.859459459459462 
13.89066666666667 
13.92105263157895 
13.953246753246757 
13.982051282051287 
14.010126582278486 
14.040000000000006 
14.066666666666674 
14.092682926829276 
14.120481927710852 
14.145238095238104 
14.169411764705892 
14.195348837209313 
14.218390804597712 
14.240909090909101 
14.265168539325854 
14.28666666666668 
14.309890109890123 
14.330434782608709 
14.350537634408616 
14.37234042553193 
14.391578947368435 
14.410416666666682 
14.430927835051563 
14.448979591836752 
14.466666666666683 
14.486000000000017 
