0.0003 
0.000289526356152954 
0.000289526356152954 
0.0002296689294145687 
0.0002296689294145687 
0.00019791579465177673 
0.00019791579465177673 
0.00018436440351909272 
0.0003 
0.0003 
0.0003 
0.0002747491477473764 
0.0002747491477473764 
0.0002747491477473764 
0.0002419482974164337 
0.0002419482974164337 
0.0002419482974164337 
0.00017627116091208819 
0.00017627116091208819 
0.00015434774321602777 
0.0001543477432160278 
0.00011164306020769937 
0.00011164306020769937 
7.640413035167425e-05 
7.640413035167425e-05 
0.00018235489454729921 
0.0001501200654896029 
0.0001501200654896029 
0.00010207154103337959 
0.00010207154103337959 
0.00010207154103337959 
7.349682619965829e-06 
7.349682619965829e-06 
7.958231480405865e-05 
7.958231480405865e-05 
5.573784299036645e-05 
5.573784299036645e-05 
2.6331672703805992e-05 
2.6331672703805992e-05 
2.6331672703805992e-05 
1.5584849662507126e-05 
1.5584849662507126e-05 
0.0003 
0.0002855966265136472 
0.0002855966265136472 
0.0002855966265136472 
0.0002785965186595027 
0.0002785965186595027 
0.0002785965186595027 
0.0002785965186595027 
0.00024804387363332934 
0.00024804387363332934 
0.00024804387363332934 
0.00024085503090377614 
0.00024085503090377614 
0.00024085503090377614 
0.00022451239703821557 
0.00022451239703821557 
0.0003 
0.0002832161747037337 
0.0002832161747037337 
0.0002832161747037337 
0.0002832161747037337 
0.0002533571362172914 
0.0002533571362172914 
0.00023592441271425376 
0.0003 
0.0003 
0.0003 
0.00027976580567801396 
0.00027976580567801396 
0.00026936560699781907 
0.00026936560699781907 
0.0002628209198703904 
0.0003 
0.0003 
0.0003 
0.0002456806651092616 
0.0002456806651092616 
0.00023532995037855368 
0.00023532995037855368 
0.0002231910881645758 
0.0002231910881645758 
0.0001668345727676215 
0.0001668345727676215 
0.0001668345727676215 
0.0001480782764142551 
0.0001480782764142551 
5.9253678039145876e-05 
5.9253678039145876e-05 
5.5033368729486214e-05 
0.0002723102329447143 
0.0002723102329447143 
0.0002723102329447143 
0.00022194820977619346 
0.00022194820977619346 
0.00020042547106827107 
0.00020042547106827107 
0.0003 
0.0003 
0.00027521601462692034 
0.00027521601462692034 
0.00024239021872592449 
0.00024239021872592449 
0.00024239021872592449 
0.0003 
0.00021984658354244388 
0.00021984658354244388 
0.00021984658354244388 
8.001625489752339e-05 
8.001625489752339e-05 
8.001625489752339e-05 
7.156402466116832e-05 
7.156402466116832e-05 
5.2694089554871874e-05 
5.2694089554871874e-05 
5.2694089554871874e-05 
5.2694089554871874e-05 
0.0003 
0.0002873232562349549 
0.0002873232562349549 
0.0002873232562349549 
0.0003 
0.00028939386324072075 
0.00028939386324072075 
0.00028939386324072075 
0.0003 
0.00029279993868232143 
0.00029279993868232143 
0.00029279993868232143 
0.00025142016324239657 
0.00025142016324239657 
0.00025142016324239657 
0.0002325531694691765 
0.0003 
0.0003 
0.0003 
0.00020364722541515114 
0.00020364722541515114 
0.00020364722541515114 
0.0001817482967270443 
0.0001817482967270443 
0.0001511734219387392 
0.0002938045009532167 
0.0002938045009532167 
0.0002938045009532167 
0.00028082034013205033 
0.0003 
0.0003 
0.0003 
0.0003 
0.00028925387026817675 
0.00028925387026817675 
0.00028925387026817675 
0.0002821120061670065 
0.0002821120061670065 
0.00027340010081950897 
0.0003 
0.0003 
0.0003 
0.0002926091020322357 
0.0003 
0.0003 
0.0003 
0.0002289625740923288 
0.0002289625740923288 
0.0002289625740923288 
0.00017479042642255422 
0.00017479042642255422 
0.00017479042642255422 
0.00013484869713049086 
0.00013484869713049086 
0.00013484869713049086 
0.00012231305447897003 
0.00012231305447897003 
0.0003 
0.0003 
0.00017865630440118898 
0.00017865630440118898 
0.00017865630440118898 
0.00017865630440118898 
4.460865627338011e-05 
4.460865627338011e-05 
0.0003 
0.0002389764277301904 
0.0002389764277301904 
0.0003 
0.0003 
0.0003 
0.0002836170430668739 
0.0002836170430668739 
0.00025298369546952347 
0.0003 
0.0003 
0.0003 
0.0002752336468341083 
0.0002752336468341083 
0.0002752336468341083 
0.00023943972634523443 
0.0003 
0.0003 
0.0003 
0.00028601584915386125 
0.00028601584915386125 
0.00028601584915386125 
0.00027377566515612747 
0.00027377566515612747 
0.00024916058306879876 
0.0003 
0.0003 
0.0003 
0.00026291187529338097 
0.00026291187529338097 
0.0002563736122700693 
0.0002563736122700693 
0.00024287892246769162 
0.00024287892246769162 
0.00022065354782188949 
0.0003 
0.0003 
0.0003 
0.00028979879367721826 
0.00028979879367721826 
0.00028979879367721826 
0.00028150138457013634 
0.0003 
0.0003 
0.0003 
0.0002870121033305168 
0.0002870121033305168 
0.0002870121033305168 
0.00026912123598311666 
0.00026912123598311666 
0.0002378764542489598 
0.0003 
0.0003 
0.0003 
0.00018896939531093892 
0.00018896939531093892 
0.00017621902806595508 
0.00017621902806595508 
0.00016817496246420704 
0.00016817496246420704 
0.0001272043565991023 
0.0001272043565991023 
0.0003 
0.0003 
0.00028280103318561436 
0.00028280103318561436 
0.0002700565714897049 
0.0002700565714897049 
0.00020211696249246094 
0.00020211696249246094 
0.00020211696249246094 
0.0001827132108562831 
0.0003 
0.0003 
0.0003 
0.0002745821916726496 
0.0002745821916726496 
0.0002745821916726496 
0.0002351244954883934 
0.0003 
0.0003 
0.0003 
0.00028111059319806483 
0.0003 
0.0003 
0.0003 
0.0002785870009417715 
0.0002785870009417715 
0.0001639463097251092 
0.0001639463097251092 
0.0003 
0.00028330679787717247 
0.00028330679787717247 
0.00028330679787717247 
0.0002690746357983436 
0.0002690746357983436 
0.00020110164193940248 
0.00020110164193940248 
0.00010572483263915922 
0.0003 
0.0003 
0.0003 
0.00028262440113163093 
0.00028262440113163093 
0.00028262440113163093 
2.1187071578291348e-05 
2.1187071578291348e-05 
2.1187071578291348e-05 
0.0003 
0.0003 
0.00026473704581254367 
0.00026473704581254367 
0.00026473704581254367 
0.0002444290805949872 
0.0002444290805949872 
0.0003 
0.0003 
0.0002766756005821864 
0.0002766756005821864 
0.0002766756005821864 
0.00022207773380379618 
0.00022207773380379618 
0.000207855070721669 
0.000207855070721669 
0.00015664265221087433 
0.0003 
5.523291749576735e-05 
5.523291749576735e-05 
5.523291749576735e-05 
0.0003 
0.00022108405927263284 
0.00022108405927263284 
0.000212886551891171 
0.000212886551891171 
0.000212886551891171 
0.00017352469947476854 
0.00017352469947476854 
0.00017352469947476854 
0.0001305081239714994 
0.00013050812397149943 
5.064676668542401e-05 
0.0003 
0.0003 
0.0003 
0.0002628271983895807 
0.0002628271983895807 
0.00015364583417868774 
0.0003 
0.0003 
0.0002627638360529803 
0.0002627638360529803 
0.0002627638360529803 
0.0001919869164350201 
0.0001919869164350201 
0.0001919869164350201 
0.00018324083709592138 
0.00018324083709592138 
0.0001642068751667067 
0.0001642068751667067 
0.0001642068751667067 
0.00013266266099225526 
0.00013266266099225526 
0.00013266266099225526 
0.00012869207095987518 
0.00012869207095987518 
0.0001179823386229929 
0.0001179823386229929 
0.00011128192466366167 
0.00011128192466366167 
6.068499344704943e-05 
6.068499344704943e-05 
6.068499344704943e-05 
2.7007795023061213e-05 
0.0003 
0.0003 
0.0003 
0.0002747923160676679 
0.0002747923160676679 
0.0002747923160676679 
0.000250950767131759 
0.000250950767131759 
0.0002191670558500528 
0.0002191670558500528 
0.00018204358967612022 
0.0003 
0.0003 
0.0003 
0.0003 
0.00027816058353677766 
0.00027816058353677766 
0.00020978189284013774 
0.00020978189284013774 
0.00020978189284013774 
0.00018109506305350088 
0.00018109506305350088 
0.00017745264861704604 
0.00017745264861704604 
0.0003 
0.0003 
0.00024681518654998076 
0.00024681518654998076 
0.00021431898004874682 
0.00021431898004874685 
0.00019251297898968515 
0.00019251297898968515 
0.00018352433678734482 
0.00018352433678734482 
0.0001760670048223113 
0.0001760670048223113 
0.0001760670048223113 
0.00013476370222098192 
0.00013476370222098192 
5.368742187338017e-05 
5.368742187338017e-05 
4.893290961374298e-05 
0.00028031934414407783 
0.00028031934414407783 
0.00028031934414407783 
0.00027001969968472366 
0.00027001969968472366 
0.00027001969968472366 
0.00022882786661466314 
0.00022882786661466314 
0.00022882786661466314 
0.00020963679120102326 
0.00020963679120102326 
0.00019280269001392195 
0.00019280269001392195 
0.0001109454607597555 
0.0001109454607597555 
9.257015330961995e-05 
0.0003 
0.0003 
0.0003 
0.0002219009950840471 
0.0002219009950840471 
0.00021021744556666428 
0.00021021744556666428 
0.0001613213321261495 
0.0001613213321261495 
0.0001518915212232464 
0.0001518915212232464 
0.00014447973048458445 
0.0003 
0.0003 
0.0003 
0.0002945347722766091 
0.0002945347722766091 
0.0002945347722766091 
0.00013679524840918381 
0.00013679524840918381 
0.00013679524840918381 
0.00011462200458606967 
0.00011462200458606967 
0.0003 
0.0003 
9.372821826383751e-06 
9.372821826383751e-06 
0.0003 
0.0003 
0.00028846180239198185 
0.0002884618023919818 
0.0002884618023919818 
0.0002444483577363355 
0.0002444483577363355 
2.7104372342452813e-05 
2.7104372342452813e-05 
0.0003 
0.0003 
0.0002839777254659647 
0.0002839777254659647 
0.0002839777254659647 
0.000274578611845776 
0.000274578611845776 
0.00025438726339728 
0.0003 
0.0002915009982469227 
0.0002915009982469227 
0.0002915009982469227 
0.0002253780348752162 
0.0002253780348752162 
9.046921147176889e-05 
0.0003 
0.0003 
0.0003 
0.0002802149296500747 
0.0002802149296500747 
0.0003 
0.00023089889645460957 
0.00023089889645460957 
0.00021217110779136818 
0.0003 
0.0003 
0.0003 
0.00025126507960307465 
0.0003 
0.0003 
0.0003 
0.00016667232938889355 
0.00016667232938889355 
0.00016667232938889355 
0.00014146643795970103 
0.00014146643795970103 
0.00014146643795970103 
0.0001341974417269011 
0.0001341974417269011 
0.0001341974417269011 
8.202267683070805e-05 
0.0003 
0.0003 
0.0003 
0.00029131242440503873 
0.00029131242440503873 
0.00029131242440503873 
0.00024637593395127923 
0.00024637593395127923 
0.0002169809782149415 
0.0003 
0.0003 
0.0003 
0.0003 
0.0002492058660884314 
0.0002492058660884314 
0.00016833674100068062 
0.0003 
0.0003 
0.00027041445056795704 
0.00027041445056795704 
0.00027041445056795704 
0.0002239997824643322 
0.0003 
0.0003 
0.0003 
0.0002946070196566923 
0.0002946070196566923 
0.0002946070196566923 
0.0002834782508281184 
0.0002834782508281184 
0.0002834782508281184 
0.00025605027848632874 
0.00025605027848632874 
0.00019951921829590658 
0.0003 
0.0003 
0.0003 
0.00024890760448999336 
0.00024890760448999336 
0.00024890760448999336 
0.00021825512234188103 
0.00021825512234188103 
0.00021825512234188103 
0.00015094366074993248 
0.00015094366074993248 
0.00015094366074993248 
0.00013660380577009936 
0.0003 
0.0003 
0.0003 
0.0002421041600773404 
0.0002421041600773404 
0.0003 
0.0003 
0.0002842259344613018 
0.0002842259344613018 
0.00019702150012656757 
0.00019702150012656757 
0.00018091110745351127 
0.00018091110745351127 
0.00017137288815647386 
0.00017137288815647386 
0.00011504956661278858 
0.0003 
0.0003 
0.0003 
0.0002688035391917239 
0.0002688035391917239 
0.0003 
0.0003 
0.00021405750644292842 
0.00021405750644292842 
0.00021405750644292842 
0.00018791440784692544 
0.00018791440784692544 
0.00018791440784692544 
0.0001718389259774352 
0.0001718389259774352 
0.00015009400306466696 
0.00015009400306466696 
0.00015009400306466696 
0.0001250522371483369 
0.0001250522371483369 
0.0001250522371483369 
0.0001250522371483369 
0.0003 
0.00025583777194075093 
0.00025583777194075093 
0.00025583777194075093 
0.00013289306893992446 
0.00013289306893992446 
1.4895422127737291e-06 
1.4895422127737291e-06 
1.4895422127737291e-06 
0.0003 
0.0002929124244509583 
0.0002929124244509583 
0.0002929124244509583 
0.00013688327233636916 
0.00013688327233636916 
0.00013688327233636916 
0.0001257095881401755 
0.0001257095881401755 
0.0003 
0.0003 
0.00026797683954563626 
0.00026797683954563626 
0.00026797683954563626 
0.0002483190704495658 
0.0003 
0.0003 
0.0003 
0.0002875611016625042 
0.0002875611016625042 
0.0002875611016625042 
0.00011251804126198204 
0.0003 
0.0003 
0.0002912886483060945 
0.0002912886483060945 
0.00028360214409238634 
0.00028360214409238634 
0.00021948526664199196 
0.00021948526664199196 
0.00021948526664199196 
0.00021948526664199196 
0.0002104732268084903 
0.0002104732268084903 
0.00019730717855732615 
0.00019730717855732615 
0.00013161906893342513 
0.0003 
0.0003 
0.0002828912641935978 
0.0002828912641935978 
0.0002828912641935978 
0.00017128066923313972 
0.00017128066923313972 
0.00017128066923313972 
0.00016652772285481317 
0.0003 
0.0003 
0.00027204535871882635 
0.00027204535871882635 
0.00022043612305826653 
0.00022043612305826653 
0.00022043612305826653 
9.413609942614441e-05 
0.00028580571409889414 
0.00028580571409889414 
0.00028580571409889414 
0.0002440008547349786 
0.0002440008547349786 
0.00021485154038981816 
0.00021485154038981816 
0.00015792916738597586 
0.00015792916738597586 
0.0003 
0.0003 
0.00027897420168732724 
0.00027897420168732724 
0.00027897420168732724 
0.00026821975583011864 
0.00026821975583011864 
0.00026821975583011864 
0.00026821975583011864 
0.0002129873554509572 
0.0002129873554509572 
0.0002129873554509572 
0.00018962352741914862 
0.0003 
0.0003 
0.0003 
0.0002762297772452368 
0.0002762297772452368 
0.00019487179337890993 
0.00019487179337890993 
0.00019487179337890993 
7.487573573125382e-05 
7.487573573125382e-05 
7.487573573125382e-05 
6.718444322907772e-05 
6.718444322907772e-05 
6.718444322907772e-05 
1.8835756364221768e-05 
1.8835756364221768e-05 
0.0003 
0.0003 
0.0002868995600111498 
0.0002868995600111498 
0.0002868995600111498 
0.00015426175200851096 
0.00015426175200851096 
0.00015426175200851096 
0.0001403764184734499 
0.0001403764184734499 
0.0001403764184734499 
0.00012726303352925605 
0.00012726303352925605 
7.517240551480661e-05 
7.517240551480661e-05 
0.0003 
0.0003 
0.00026632395890536603 
0.00026632395890536603 
0.00026632395890536603 
5.561754631683958e-05 
5.561754631683958e-05 
0.0003 
0.00028413198786774797 
0.00028413198786774797 
0.00028413198786774797 
0.00028413198786774797 
0.000251085938218115 
0.000251085938218115 
0.000251085938218115 
0.0002342375801606671 
0.0002342375801606671 
9.536587072369706e-05 
9.536587072369706e-05 
0.0003 
0.0003 
0.0002294570140013364 
0.0002294570140013364 
0.00021521484642529452 
0.0003 
0.0003 
0.0003 
0.0002689257321456037 
0.0002689257321456037 
0.0002689257321456037 
0.00025447906135263635 
0.00025447906135263635 
7.676206138021739e-05 
0.0003 
0.0003 
0.00029055877092390344 
0.0003 
0.0003 
0.0003 
0.00026673593579745427 
0.00026673593579745427 
0.00026673593579745427 
0.0002551462949433049 
0.0002551462949433049 
0.0002551462949433049 
0.0002196933578728321 
0.0002196933578728321 
0.0002196933578728321 
0.0002196933578728321 
0.0003 
0.0002932626407418786 
0.0002932626407418786 
0.00027785428957271836 
0.00027785428957271836 
0.00027785428957271836 
0.00024238022637335305 
0.00024238022637335305 
0.0001358582557354675 
0.0001358582557354675 
0.00010175840908699282 
0.00010175840908699282 
9.576097910952023e-05 
9.576097910952023e-05 
7.10631122406523e-05 
0.0003 
0.0003 
0.0002683688525128587 
0.0002683688525128587 
0.00022958394296157932 
0.00022958394296157932 
0.00022958394296157932 
0.00012198161712607794 
0.00012198161712607794 
0.0002105436838607906 
0.00014463840362205588 
0.00014463840362205588 
0.00014463840362205588 
6.370439230444053e-05 
6.370439230444053e-05 
6.370439230444053e-05 
3.381701664159437e-05 
3.381701664159437e-05 
3.381701664159437e-05 
3.381701664159437e-05 
3.381701664159437e-05 
0.0003 
0.00026363710269042273 
0.00026363710269042273 
0.00026363710269042273 
0.00025657962187378397 
0.00025657962187378397 
0.00025657962187378397 
0.00014532253540287273 
0.00014532253540287273 
0.00014532253540287273 
0.00011748380085797424 
0.00011748380085797424 
2.5142524194247414e-06 
0.0003 
0.0003 
0.00026372817559408953 
0.0003 
0.0003 
0.0003 
0.00028311704951926206 
0.00028311704951926206 
0.00028311704951926206 
0.0002748796067647124 
0.0002748796067647124 
0.00027023548134691574 
0.00027023548134691574 
0.00027023548134691574 
0.0003 
0.00024787966374357047 
0.00024787966374357047 
0.00024787966374357047 
0.000202265533315581 
0.000202265533315581 
0.000202265533315581 
0.00012052404487407765 
0.00012052404487407765 
0.0003 
0.0003 
0.00027154742743450795 
0.00027154742743450795 
0.0002612761725050413 
0.0003 
0.0003 
0.0003 
0.0002865872103037955 
0.0002865872103037955 
0.00026515618216635417 
0.00026515618216635417 
0.00026515618216635417 
0.00018525460567395352 
0.0003 
0.0003 
0.0003 
0.00027937890960440053 
0.00027937890960440053 
0.0003 
0.0003 
0.00023636900194239836 
0.0002363690019423984 
0.0002363690019423984 
0.00020049413238105827 
0.0003 
0.0003 
0.0003 
0.00029120362168366296 
0.00029120362168366296 
0.0002804515796006746 
0.0002804515796006746 
0.0002804515796006746 
0.0002804515796006746 
0.00016885262477323024 
0.00016885262477323024 
9.768569691109902e-05 
0.0003 
0.0003 
0.0003 
0.00021997103116528299 
0.00021997103116528299 
0.00021997103116528299 
0.00020917946218419392 
0.00020917946218419392 
0.00020917946218419392 
8.140300237763516e-05 
8.140300237763516e-05 
8.140300237763516e-05 
6.707252574240721e-05 
6.707252574240721e-05 
0.0003 
0.0003 
0.0002641243483661697 
0.0002641243483661697 
0.00017660404946551102 
0.00017660404946551102 
5.459183139368597e-05 
5.459183139368597e-05 
1.2890166936340734e-05 
0.0003 
0.0003 
0.0003 
0.0002684583841258542 
0.00026845838412585413 
0.00026845838412585413 
0.00024318162361064782 
0.0003 
0.0003 
0.0003 
0.0003 
0.00028839907966708543 
0.00028839907966708543 
0.00028839907966708543 
0.0002724462303363086 
0.0002724462303363086 
0.0002724462303363086 
0.00026856842110422024 
0.0003 
0.0003 
0.0003 
0.00026570434375239733 
0.00026570434375239733 
0.00025352622545632344 
0.00025352622545632344 
0.00013524233856592512 
0.00013524233856592512 
0.00013524233856592512 
0.00012478059169139784 
0.0003 
0.0003 
0.0003 
0.00029449781107676294 
0.00029449781107676294 
0.0002460088425993082 
0.0002460088425993082 
0.00018171179610871523 
0.00018171179610871523 
0.00018171179610871523 
0.0001742481609501319 
0.0001742481609501319 
0.0001742481609501319 
0.0001650253809510011 
0.0003 
0.0003 
0.0002836843991269899 
0.0002836843991269899 
0.00024232985279741773 
0.00024232985279741773 
0.0002149536570679671 
0.0002149536570679671 
0.0001773397629288806 
0.0003 
0.0003 
0.00022183765864360508 
0.00022183765864360508 
0.00022183765864360508 
0.00019143604878395652 
0.00019143604878395652 
0.00019143604878395652 
0.00019143604878395652 
0.00016913946470847806 
0.00016913946470847806 
0.00016913946470847806 
0.0001400605138862608 
0.0001400605138862608 
0.00011353859568641154 
0.00011353859568641154 
0.00011353859568641154 
0.00010729265897841098 
0.0001948328833932492 
0.0001948328833932492 
0.00018588473807954834 
0.0003 
0.0003 
0.0003 
0.00026470158722419906 
0.00026470158722419906 
0.0002327387526361067 
0.0002327387526361067 
0.0002327387526361067 
0.00019778549565910563 
0.00019778549565910563 
0.00015659579829144324 
0.00015659579829144324 
0.00014207624937361167 
0.00014207624937361167 
0.00012484015718909136 
0.00012484015718909136 
6.493928385156516e-05 
0.0003 
0.0003 
0.0003 
0.00027945981999257083 
0.0003 
0.0003 
0.0003 
0.0002868954610870278 
0.0002868954610870278 
0.00028040373285059627 
0.00028040373285059627 
0.0002264729240797333 
0.0003 
0.0003 
0.0002785113221139154 
0.0003 
0.0003 
0.0003 
0.00026981798246399915 
0.00026981798246399915 
0.00026981798246399915 
0.00022123588532049624 
0.00022123588532049624 
0.00022123588532049624 
0.00019477103747210628 
0.00019477103747210628 
0.00017884399274828644 
0.0003 
0.0003 
0.0002854580952075516 
0.0002854580952075516 
0.0002854580952075516 
0.00014469665711669766 
0.00014469665711669766 
0.0001407364401489842 
0.0001407364401489842 
0.00012313287926343964 
0.00012313287926343964 
8.136867046013753e-05 
8.136867046013753e-05 
6.461732630679184e-05 
0.0003 
0.0003 
0.0003 
0.0002716866955175086 
0.0002716866955175086 
0.0002440127496377754 
0.0002440127496377754 
0.00019402721113058393 
0.00019402721113058393 
0.00018287896993778884 
0.00018287896993778884 
0.00018287896993778884 
0.00016601961610196987 
0.00016601961610196987 
6.294936389518571e-05 
0.0003 
0.0003 
0.00020214013805072522 
0.00020214013805072522 
0.00020214013805072522 
0.0001816083513270724 
0.0003 
0.0003 
0.0002862130754102832 
0.0003 
0.0003 
0.0003 
0.0002860486180481222 
0.0002860486180481222 
0.0002860486180481222 
0.0002860486180481222 
0.000266228512795342 
0.000266228512795342 
3.7725103573846665e-05 
3.7725103573846665e-05 
2.0408601576709513e-05 
0.00027405024117718783 
0.00027405024117718783 
0.0002601990088064368 
0.0002601990088064368 
0.00024140177300466432 
0.00024140177300466432 
0.00024140177300466432 
0.0001838434225069225 
0.0001838434225069225 
0.0001838434225069225 
0.0001508195869325681 
0.0003 
0.0003 
0.0003 
0.000281082046306322 
0.000281082046306322 
0.000281082046306322 
0.000281082046306322 
0.00023244404180327883 
0.00023244404180327883 
0.00023244404180327883 
0.00022168701410550922 
0.0003 
0.0003 
0.0003 
0.0002776427948896473 
0.0002776427948896473 
0.00025302696626137994 
0.00025302696626137994 
0.00025302696626137994 
0.0001992207678584852 
0.0003 
0.0003 
0.0003 
0.00025558839292371874 
0.00025558839292371874 
0.00025558839292371874 
0.00023966485767430587 
0.00023966485767430587 
0.00023966485767430587 
0.00022539855169484695 
0.00022539855169484695 
0.00022539855169484695 
0.00016715966698704055 
0.00016715966698704055 
0.00016715966698704055 
7.692022089927331e-05 
0.0003 
0.0003 
0.0002925014177986586 
0.0002925014177986586 
0.0002925014177986586 
0.00028857702088085497 
0.00028857702088085497 
0.00028857702088085497 
0.0002764491035906002 
0.0002764491035906002 
0.0002764491035906002 
0.000187321169344212 
0.0003 
0.0003 
0.0002869093233155134 
0.0002869093233155134 
0.0002869093233155134 
0.00026428343964262865 
0.0003 
0.0003 
0.0001946811160742476 
0.0001946811160742476 
0.00018044412813305216 
0.00018044412813305216 
0.00018044412813305216 
0.00016054983871111609 
0.00016054983871111609 
8.391678965746533e-05 
8.391678965746533e-05 
8.391678965746533e-05 
3.187908361508972e-05 
3.187908361508972e-05 
6.6335894833166e-07 
0.0003 
0.0003 
0.0003 
0.0001509869564385847 
0.0001509869564385847 
0.00012086725997093246 
0.00012086725997093246 
0.00012086725997093246 
7.752483210194872e-05 
7.752483210194872e-05 
7.14751932477528e-05 
7.14751932477528e-05 
7.14751932477528e-05 
4.697440113603154e-05 
4.697440113603154e-05 
0.00013336661159904178 
4.0573742939011166e-05 
4.0573742939011166e-05 
4.0573742939011166e-05 
4.0573742939011166e-05 
2.5264169306310837e-05 
2.5264169306310837e-05 
2.5264169306310837e-05 
2.5264169306310837e-05 
0.0003 
0.00015181973677013248 
0.00015181973677013248 
0.00015181973677013248 
0.000123585265072323 
0.000123585265072323 
0.00010178000242245956 
0.00010178000242245956 
1.156029352609715e-05 
1.156029352609715e-05 
0.0003 
0.0002939960301338955 
0.0002939960301338955 
0.0002939960301338955 
0.00012808252816913894 
0.00012808252816913894 
0.00012808252816913894 
0.00010686273810744227 
0.00010686273810744227 
0.00010686273810744227 
0.00010686273810744227 
0.0003 
0.0002931267749421977 
0.0002931267749421977 
0.0002931267749421977 
0.00028070031627698804 
0.00028070031627698804 
0.000245980269459115 
0.000245980269459115 
0.00023832842829576688 
0.00023872994751341156 
0.00023872994751341156 
0.00023872994751341156 
0.00023023567747610223 
0.00023023567747610223 
0.00023023567747610223 
0.0003 
0.00028411828724276953 
0.00028411828724276953 
0.00028411828724276953 
0.00014892455843354811 
0.00014892455843354811 
0.00010903823464215702 
0.0003 
0.0003 
0.0003 
0.00026686500515330934 
0.00026686500515330934 
0.00026686500515330934 
0.0002560613216576687 
0.0002560613216576687 
0.0002429184974879622 
0.0002429184974879622 
0.0002035073793878641 
0.0002035073793878641 
0.00019076245056811187 
0.00019076245056811187 
0.00017952766623959636 
0.0003 
0.0003 
0.0003 
0.0003 
0.0002478637524450108 
0.0002478637524450108 
0.0002478637524450108 
0.0002361278388877875 
0.0002361278388877875 
0.00018569870832782856 
0.00018569870832782856 
0.00016374133831919006 
0.00016374133831919006 
0.00014575431949153967 
0.00014575431949153967 
0.00013165977127384737 
0.00013165977127384737 
0.00012666561462902295 
0.00012666561462902295 
0.0001214629892628735 
0.0001214629892628735 
0.00010676110514253951 
0.00010676110514253951 
4.8255514841965404e-05 
0.0003 
0.0003 
0.0003 
0.00027166194031247716 
0.00027166194031247716 
0.00027166194031247716 
0.0002616334704079325 
0.0002616334704079325 
0.0002616334704079325 
0.0002424051834917493 
0.0002424051834917493 
0.0002424051834917493 
0.00023467135083824535 
0.00023467135083824535 
0.0002287625997316347 
0.0002287625997316347 
0.00014736624786876052 
0.00014736624786876052 
0.0003 
0.0003 
0.00025336212348690964 
0.00025336212348690964 
0.00025336212348690964 
0.0001391981883031904 
0.0001391981883031904 
0.0001391981883031904 
0.0001391981883031904 
0.00013071547938187144 
0.0003 
0.0003 
0.0003 
0.0002533961097886001 
0.0002533961097886001 
0.00023302771440574083 
0.00023302771440574083 
0.00023302771440574083 
0.00014818152484822935 
0.00014818152484822935 
0.00014818152484822935 
0.00013873603571908116 
0.00013873603571908116 
0.00013873603571908116 
0.00012519874220586185 
0.00012519874220586185 
0.00012519874220586185 
0.0001139105410785181 
0.0001139105410785181 
9.230536356640383e-05 
0.0003 
0.0003 
0.0003 
0.0002417986261258304 
0.0002417986261258304 
0.0001810281677573776 
0.0001810281677573776 
0.0003 
0.0003 
0.00029288932071269084 
0.00029288932071269084 
0.00024244703423276578 
0.00024244703423276578 
8.183567351473161e-05 
8.183567351473161e-05 
6.661609175917075e-05 
0.0003 
0.0003 
0.0003 
0.0003 
0.0003 
0.0002624837315509933 
0.0002624837315509933 
0.0002624837315509933 
0.0002568665374493127 
0.0002568665374493127 
0.0002568665374493127 
0.00025325222941798616 
0.0003 
0.0003 
0.0003 
0.00026628779251135345 
0.00026628779251135345 
0.00026628779251135345 
0.0002140764678363075 
0.0002140764678363075 
7.80384587882718e-05 
7.80384587882718e-05 
6.253159160499141e-05 
0.0003 
0.00025179033606157505 
0.00025179033606157505 
0.00025179033606157505 
0.00017500942531920532 
0.00017500942531920532 
0.00014058652515153318 
0.00014058652515153318 
0.00013425220006107807 
0.00013425220006107807 
0.00012178163885085144 
0.0003 
0.0003 
0.00028986987826787244 
0.00028986987826787244 
0.00025014582293249565 
0.00025014582293249565 
0.00021345872425786416 
0.00021345872425786416 
0.00021345872425786416 
0.00019188581618390018 
0.0003 
0.0003 
0.00022443474749177968 
0.00022443474749177968 
0.00022443474749177968 
0.00016608039416643415 
0.0003 
0.0003 
0.0003 
7.623841454607394e-05 
0.0003 
0.0003 
0.0003 
0.0002855537076647377 
0.0002855537076647377 
0.0002855537076647377 
0.00026338239724521865 
0.00026338239724521865 
0.00025410262484962427 
0.00025410262484962427 
0.00016968598750509155 
0.0003 
0.0003 
0.0003 
0.0003 
0.00010243422686597847 
0.00010243422686597848 
0.00010243422686597848 
9.142779033755701e-05 
9.142779033755701e-05 
9.142779033755701e-05 
7.249496584201687e-05 
0.00012382376503949002 
0.00012382376503949002 
0.00012382376503949002 
0.00010023830795488949 
0.00010023830795488948 
0.00015010748199570015 
0.00015010748199570015 
0.00013751254248781398 
0.00013751254248781398 
0.00013751254248781398 
0.00013751254248781398 
0.00012625415423615305 
0.00012625415423615305 
0.00012625415423615305 
0.00010598956091817834 
0.00010598956091817834 
0.00010598956091817834 
7.460099723625124e-05 
0.00022198110644602458 
0.0003 
0.0003 
0.0002927618056034831 
0.0002927618056034831 
0.0002927618056034831 
0.0002745715748283338 
0.0002745715748283338 
0.0001938050504538413 
0.0001938050504538413 
0.0001938050504538413 
0.00015931065997379807 
0.00015931065997379807 
0.00015931065997379807 
9.410937990702334e-05 
0.00024770000872664517 
0.00024770000872664517 
0.00024770000872664517 
0.0002288520379693829 
0.0002288520379693829 
0.0002197741902060781 
0.0002197741902060781 
0.0002197741902060781 
0.0002197741902060781 
0.00011759873254734313 
0.00011759873254734313 
9.792796306156543e-05 
9.792796306156543e-05 
9.792796306156543e-05 
0.00019435557445219773 
0.00012864489498666082 
0.00012864489498666082 
0.00012864489498666082 
0.0003 
0.00026705611697941893 
0.00026705611697941893 
3.743916509182924e-05 
3.743916509182924e-05 
1.4052052102699e-05 
1.4052052102699e-05 
1.4052052102699e-05 
1.4052052102699e-05 
1.4052052102699e-05 
3.9385850118695156e-06 
3.9385850118695156e-06 
3.9385850118695156e-06 
0.0003 
0.0002708422402293206 
0.0002708422402293206 
0.0002708422402293206 
0.0002526205057242817 
0.0002526205057242817 
0.0002526205057242817 
0.00016018788020189895 
0.00016018788020189895 
0.00016018788020189895 
0.00013578345548944626 
0.00013578345548944626 
0.00010701594948351521 
0.0003 
0.0003 
0.0003 
0.00029192143558062864 
0.00029192143558062864 
0.00029192143558062864 
0.00024171027786559052 
0.00024171027786559052 
0.00024171027786559052 
0.00014380174360974164 
0.00014380174360974164 
0.00014380174360974164 
0.00010396555157815747 
0.0003 
0.0003 
5.491912435474244e-05 
5.491912435474244e-05 
4.473698143299907e-05 
4.473698143299907e-05 
4.473698143299907e-05 
0.0003 
0.0002920424876859373 
0.0002920424876859373 
0.0002920424876859373 
0.00022806678715309533 
0.0003 
0.0003 
0.0003 
0.0002926241202612224 
0.0003 
0.0003 
0.0003 
0.0002545443243228754 
0.0002545443243228754 
0.0002545443243228754 
0.00024042093376447284 
0.0003 
0.0003 
0.0003 
0.00028123927693740033 
0.0002812392769374004 
0.0002812392769374004 
0.00023693718709502293 
0.00023693718709502293 
0.00023292447544456506 
0.00023292447544456506 
0.00023292447544456506 
0.0002254050836705507 
0.0002254050836705507 
0.0002141532151923495 
0.0002141532151923495 
0.0001848087252266018 
0.0001848087252266018 
0.0003 
0.00020756001656867086 
0.00020756001656867086 
0.00020756001656867086 
0.0001892504535518326 
0.0001892504535518326 
0.0001892504535518326 
0.00017786946743622852 
0.00017786946743622852 
0.00017786946743622852 
0.00016500594305687198 
0.00016500594305687198 
0.00015369066791567416 
0.00015369066791567416 
0.00015369066791567416 
0.00013315147164761655 
0.00013315147164761652 
8.609273876626838e-05 
8.609273876626838e-05 
0.0003 
0.00027381605782263917 
0.00027381605782263917 
0.0002656762214698198 
0.0002656762214698198 
0.00024158508408696482 
0.00024158508408696482 
0.00012669590692132975 
0.00012669590692132975 
0.00012669590692132975 
6.349843129676755e-08 
0.0003 
0.0003 
0.0003 
0.0002812077217560704 
0.0002812077217560704 
0.0002812077217560704 
0.00023233213688235956 
0.00023233213688235956 
0.00023233213688235956 
0.0002096423127362157 
0.0003 
0.0003 
0.00024936002201130864 
0.00024936002201130864 
0.00022045933514153242 
0.0003 
0.0003 
0.0003 
0.0003 
0.0002925661514919015 
0.0002925661514919015 
0.00026590647941157326 
0.00026590647941157326 
0.00024124070419833654 
0.00024124070419833654 
0.0002266085703205472 
0.0002266085703205472 
0.00016149077165802174 
0.0003 
0.0003 
0.00026398971056225444 
0.00026398971056225444 
0.00026398971056225444 
0.0002237254996559107 
0.0002237254996559107 
0.0002237254996559107 
0.0001865738023136274 
0.0003 
0.0003 
0.00028619675551116926 
0.00028619675551116926 
0.00028619675551116926 
0.00025187173563125527 
0.00025187173563125527 
0.00024268746691768816 
0.0003 
0.0003 
0.0003 
0.00023772512654137877 
0.00023772512654137877 
0.00023772512654137877 
0.00022117647598948663 
0.00022117647598948663 
0.00022117647598948663 
0.00019087445361970425 
0.00019087445361970425 
0.00015995763064054756 
0.00015995763064054756 
0.0003 
0.0002291186208413956 
0.0002291186208413956 
0.0002291186208413956 
0.00019620101745348675 
0.00019620101745348675 
0.00019620101745348675 
0.00018194509231990347 
0.0003 
0.0003 
0.0003 
0.00024107498132066365 
0.00024107498132066365 
0.00024107498132066365 
0.00014248958566983336 
0.00014248958566983336 
0.00014248958566983336 
8.569731591953123e-05 
8.569731591953123e-05 
6.0747103548516285e-05 
0.0003 
0.0003 
0.0003 
0.0002953002399513121 
0.0003 
0.0003 
0.0003 
0.00026958528108052065 
0.00026958528108052065 
0.00026958528108052065 
0.0003 
0.0002804721159421944 
0.0002804721159421944 
0.0002804721159421944 
0.00021619925212178147 
0.00021619925212178144 
0.00021619925212178144 
0.00020658557464002078 
0.00020658557464002078 
0.00020658557464002078 
0.00020658557464002078 
0.00016595188640127666 
0.00016595188640127666 
0.0001525536019017671 
0.0003 
0.0003 
0.0003 
0.00023687462004443895 
0.00023687462004443895 
0.00017667746481757834 
0.0002606004977659408 
0.0002606004977659408 
0.0002606004977659408 
0.00025302036830148454 
0.00025302036830148454 
0.0002437823359180973 
0.0002437823359180973 
0.0002437823359180973 
0.00021005481236863579 
0.0003 
0.00028205604292820535 
0.00028205604292820535 
0.00026748787262873095 
0.00026748787262873095 
0.00026748787262873095 
0.00024029572606784494 
0.0003 
0.0003 
0.0003 
0.0003 
0.00024832047577690616 
0.00024832047577690616 
0.00024832047577690616 
0.00011766634094888162 
0.00011766634094888162 
0.00011766634094888162 
3.5064585272347746e-05 
3.5064585272347746e-05 
3.5064585272347746e-05 
4.2577971855771365e-06 
4.2577971855771365e-06 
0.0003 
0.00027428390860463104 
0.00027428390860463104 
0.0003 
0.0003 
0.00026527154674714493 
0.00026527154674714493 
0.00026527154674714493 
0.00024733782564038194 
0.00024733782564038194 
0.00024733782564038194 
0.00012555741183875975 
0.00012555741183875975 
0.00012555741183875975 
0.00010551042721604384 
0.00010551042721604384 
0.00010551042721604384 
8.281075381103132e-05 
0.0003 
0.0003 
0.0003 
0.0002780482048853945 
0.0002780482048853945 
0.0002780482048853945 
0.00025467997422455065 
0.00025467997422455065 
0.00025467997422455065 
9.45603971002387e-06 
9.45603971002387e-06 
9.45603971002387e-06 
0.00024466816319837964 
0.00020565956780329024 
0.00020565956780329024 
0.00020565956780329024 
0.00014321142832370975 
0.00014321142832370975 
0.0001365013046340421 
0.0003 
0.0003 
0.0003 
0.0003 
0.0002886140399674761 
0.0002886140399674761 
0.00025579439548759834 
0.00025579439548759834 
0.0001900043593590536 
0.0003 
0.0003 
0.00025825894998259506 
0.00025825894998259506 
0.00025825894998259506 
0.00023736882636559502 
0.00023736882636559502 
0.00023736882636559502 
0.0002261143832684278 
0.0003 
0.0003 
0.0003 
0.0002877656211709143 
0.0003 
0.0003 
0.0003 
0.00018799463411419887 
0.00018799463411419887 
0.00017106898716963534 
0.0002847234156532701 
0.0002847234156532701 
0.0002847234156532701 
0.0002699953963124958 
0.0002699953963124958 
0.0002699953963124958 
0.00013425158190952385 
0.00013425158190952385 
0.00010182510364417974 
0.00010182510364417974 
0.0003 
0.000218321675581822 
0.000218321675581822 
0.000218321675581822 
0.00016428073044550594 
0.00016428073044550594 
0.00012428460073661676 
0.00012428460073661676 
0.0003 
0.0003 
0.00016824243879363248 
0.00016824243879363248 
0.00015646967101695436 
0.00015646967101695436 
1.5535448718304897e-05 
0.0003 
0.0003 
0.0003 
0.0001709198842957473 
0.0002119974296922919 
0.0002119974296922919 
0.0002119974296922919 
0.00016769535276381215 
0.00016769535276381215 
0.00013103191618556945 
0.00013103191618556945 
0.00012368940976832204 
0.0003 
0.0003 
0.0003 
0.00028236155584267626 
0.00028236155584267626 
0.0002639086892282346 
0.0002639086892282346 
0.00023115020117796833 
0.00023115020117796833 
0.00023115020117796833 
0.0001945503225027078 
0.0003 
0.0003 
0.0003 
0.00027231281555102334 
0.00027231281555102334 
0.0002521414561161706 
0.0002521414561161706 
0.0002521414561161706 
0.0002366270959676406 
0.0002366270959676406 
0.0002366270959676406 
0.00022121145751751245 
0.00022121145751751245 
0.00018867578624427874 
0.0003 
0.0003 
0.00020428847037390902 
0.00020428847037390902 
0.00019331587930703588 
0.00019331587930703588 
0.00019331587930703588 
0.00014020240303067776 
0.00014020240303067776 
0.00011833403004634629 
0.00011833403004634629 
0.00011833403004634629 
0.0001052673243924285 
0.0003 
0.0003 
0.00027296736438134914 
0.00027296736438134914 
0.00024610632932664625 
0.00024610632932664625 
0.0003 
0.0003 
6.547476416668437e-05 
6.547476416668437e-05 
5.6047777350269855e-05 
5.6047777350269855e-05 
4.533048370976506e-05 
4.5330483709765054e-05 
4.5330483709765054e-05 
0.0002355079916286766 
0.0002355079916286766 
0.00022486663372388215 
0.0003 
0.0003 
0.0003 
0.0002769377640804748 
0.0002769377640804748 
0.0002769377640804748 
0.0002586092303234603 
0.0002586092303234603 
0.0002586092303234603 
0.00020866114189976544 
0.0003 
0.0003 
0.0003 
0.0002804399483934983 
0.0002804399483934983 
0.00022492432181778172 
0.0003 
0.0003 
0.0003 
0.0002732470936109276 
0.0002732470936109276 
0.0002732470936109276 
0.00020541112980562235 
0.00020541112980562235 
0.00020541112980562235 
0.00017133137239393377 
0.00017133137239393377 
0.000161909765220254 
0.0003 
0.0003 
0.00027151732493200023 
0.00027151732493200023 
0.00027151732493200023 
0.0002551629195617012 
0.0002551629195617012 
0.00018798295982247346 
0.0003 
0.0003 
0.0003 
0.0002934253595554093 
0.0002934253595554093 
0.0002934253595554093 
0.00025957132261583454 
0.00025957132261583454 
0.00020036666213140808 
0.00020036666213140808 
0.00020036666213140808 
0.00017229676328351092 
0.0003 
0.0003 
0.0003 
0.0003 
0.00026859076798199015 
0.00026859076798199015 
0.00026859076798199015 
0.00021002669135123238 
0.00021002669135123238 
0.00019542208710057003 
0.00019542208710057003 
5.018036141777457e-05 
5.018036141777457e-05 
5.556088313017529e-06 
5.55608831301753e-06 
5.55608831301753e-06 
0.0003 
0.00026549309608543936 
0.00026549309608543936 
0.00026549309608543936 
0.0002921139423759776 
0.0002721073404571607 
0.0002721073404571607 
0.0002721073404571607 
0.00025893424376447914 
0.00025893424376447914 
0.00025893424376447914 
0.00023582126447222512 
0.00023582126447222512 
0.0003 
0.00026577354619501653 
0.00026577354619501653 
0.00026577354619501653 
0.0002072821311487722 
0.0002072821311487722 
0.0002072821311487722 
0.0002072821311487722 
0.00018440141128418124 
0.00018440141128418124 
0.00018440141128418124 
7.018803004680715e-05 
7.018803004680715e-05 
5.22990902045067e-05 
5.22990902045067e-05 
4.349505378460729e-05 
4.349505378460729e-05 
3.5058479776964484e-05 
3.5058479776964484e-05 
2.8352541622203768e-05 
0.0003 
0.0003 
0.0003 
0.00029145475481161416 
0.0003 
0.0003 
0.0003 
0.00023971079323353774 
0.00023971079323353774 
0.0003 
0.0003 
0.00018695075290537652 
0.00018695075290537652 
0.00018695075290537652 
0.00018142090769529418 
0.00018142090769529418 
0.00011420767760257823 
0.00011420767760257823 
0.00011420767760257823 
6.049819775054806e-05 
6.049819775054806e-05 
6.049819775054806e-05 
0.0003 
0.00026303585695040165 
0.00026303585695040165 
0.00023363860743156093 
0.00023363860743156093 
0.00018655686283036626 
0.00018655686283036626 
0.00015291182996217623 
0.00015291182996217623 
4.646135907740006e-05 
4.646135907740006e-05 
2.9516895892611446e-05 
2.9516895892611443e-05 
2.9516895892611443e-05 
5.9056663949197e-07 
0.00026778396439300307 
0.00026778396439300307 
0.00026778396439300307 
0.00023803193967631174 
0.00023803193967631174 
0.0003 
0.0003 
0.0002852063820990329 
0.0002852063820990329 
0.00022063275369974846 
0.0003 
0.0003 
0.0003 
0.0001280468866378409 
0.0001280468866378409 
0.0001280468866378409 
0.00010128817247338907 
0.00010128817247338907 
0.00010128817247338907 
5.901055262815953e-05 
5.901055262815953e-05 
3.523520454039309e-05 
3.523520454039309e-05 
0.0003 
0.0002780027554687317 
0.0003 
0.0003 
0.00025128913148815915 
0.00025128913148815915 
0.0002222518057082421 
0.0002222518057082421 
0.0002063772806079947 
0.0002063772806079947 
0.0002063772806079947 
7.571299098761754e-05 
7.571299098761754e-05 
7.571299098761754e-05 
5.924079545973426e-05 
5.924079545973426e-05 
5.924079545973426e-05 
3.694087434112657e-05 
0.0003 
0.0003 
0.0003 
0.0002918221603445474 
0.0002918221603445474 
0.0002918221603445474 
0.00027819387602101683 
0.00027819387602101683 
0.00027819387602101683 
0.00027252248386397057 
0.00027252248386397057 
0.00023809814163095125 
0.00023809814163095125 
0.00022537910462887942 
0.0003 
0.0003 
0.0003 
0.0002784272815262913 
0.0002784272815262913 
0.0002653357103381948 
0.0002653357103381948 
0.0002250891960597468 
0.0002250891960597468 
0.0002250891960597468 
0.00018818995909637793 
0.00018818995909637793 
9.529194302116347e-05 
9.529194302116347e-05 
0.0003 
0.0003 
0.000280142620483066 
0.000280142620483066 
0.000280142620483066 
0.0002521456961195577 
0.0002521456961195577 
0.00023919138027079156 
0.00023919138027079156 
0.00023919138027079156 
0.00021043009863600543 
0.00021043009863600543 
0.00018368471852592085 
0.00018368471852592085 
0.00018368471852592085 
0.00017592617237891374 
0.0003 
0.0003 
0.0003 
0.00028569181388848935 
0.00028569181388848935 
0.00028569181388848935 
0.0002614750808785394 
0.0002614750808785394 
0.0002614750808785394 
0.0002521256182123712 
0.0002521256182123712 
0.0002521256182123712 
3.7097089008391275e-05 
3.7097089008391275e-05 
3.7097089008391275e-05 
8.15264547702798e-06 
8.15264547702798e-06 
8.15264547702798e-06 
0.00015280384211401027 
0.0001059433724832505 
0.0001059433724832505 
0.0001059433724832505 
6.589475441912858e-05 
6.589475441912858e-05 
6.589475441912858e-05 
1.684328313475059e-06 
1.6843283134750589e-06 
1.6843283134750589e-06 
0.0003 
0.00028435826135480896 
0.00028435826135480896 
0.00028435826135480896 
0.0002792148540715313 
0.0002792148540715313 
0.0002468830171997206 
0.0002468830171997206 
0.00018611829212750972 
0.00018611829212750972 
0.00013574661829478246 
0.000250187043468508 
0.000250187043468508 
0.00024307642129402918 
0.00024307642129402918 
0.000231735161608101 
0.000231735161608101 
6.8248650761784e-05 
6.8248650761784e-05 
0.0003 
0.0003 
0.0002927333808815463 
0.0002927333808815463 
0.00028231055091766264 
0.00028231055091766264 
0.00027250908229271045 
0.00027250908229271045 
0.0002440411052919026 
0.0003 
0.000261375171079546 
0.000261375171079546 
0.000261375171079546 
0.00023654017471949447 
0.00023654017471949447 
3.691033102679335e-05 
0.0003 
0.0003 
0.0003 
0.0002934505214716534 
0.0002934505214716534 
0.0002863800488371056 
0.0002863800488371056 
0.00019765278775425352 
0.00019765278775425352 
0.00019765278775425352 
5.288607606865521e-05 
5.288607606865521e-05 
2.190890100557595e-05 
0.0003 
0.0003 
0.0003 
0.00026565036470101107 
0.00026565036470101107 
0.00026565036470101107 
0.00022577163149354234 
0.00022577163149354234 
0.00018468410693146722 
0.00018468410693146722 
0.00017851207847021112 
0.0001785120784702111 
8.162475125719753e-05 
8.162475125719753e-05 
6.788091625733554e-05 
6.788091625733554e-05 
4.908562131843456e-05 
4.908562131843457e-05 
3.2442740710753365e-05 
3.2442740710753365e-05 
0.0003 
0.00015826495663135847 
0.00015826495663135847 
0.0001353948997071829 
0.0001353948997071829 
0.0001353948997071829 
0.0003 
0.0002417167206299736 
0.0002417167206299736 
0.0002327480062938993 
0.0002327480062938993 
0.00022157886811387492 
0.00022157886811387492 
0.00022157886811387492 
0.00019023996584382417 
0.0003 
0.0003 
0.00026094167827086004 
0.00026094167827086004 
0.00026094167827086004 
0.00015318539734431478 
0.0003 
0.0003 
0.00029144957165851175 
0.0003 
0.0003 
0.0002823189317358157 
0.0003 
0.0003 
9.788363057118039e-05 
9.788363057118039e-05 
9.788363057118039e-05 
9.04666182706402e-05 
9.04666182706402e-05 
9.04666182706402e-05 
6.88015224914308e-05 
6.88015224914308e-05 
5.0544088642981846e-05 
5.0544088642981846e-05 
0.0003 
0.0003 
0.00028638600876755013 
0.00028638600876755013 
0.0002450628080237507 
0.0002450628080237507 
0.0002450628080237507 
0.00010810039809161878 
0.00010810039809161878 
0.0003 
0.0003 
0.0002810646643156264 
0.0002810646643156264 
0.0002810646643156264 
0.00026109003180124107 
0.00026109003180124107 
0.0001971927411711948 
0.0003 
0.0003 
0.0003 
0.00024121475334768814 
0.00024121475334768814 
0.00018492330746251314 
0.00018492330746251314 
0.00018492330746251314 
0.00018492330746251314 
0.00011377934820722596 
0.00011377934820722596 
9.597703656493646e-05 
9.597703656493646e-05 
8.841047425985161e-05 
0.0003 
0.0003 
0.0003 
0.00027203233053895164 
0.00027203233053895164 
0.00027203233053895164 
0.00027203233053895164 
0.00024016244120261373 
0.00024016244120261373 
0.0002298235007920283 
0.0002298235007920283 
0.00011834047300560183 
0.0003 
0.0003 
0.0003 
0.00011447419359959164 
0.00011447419359959164 
0.00011447419359959164 
0.000108610095278494 
0.000108610095278494 
0.000108610095278494 
0.00010003851625936598 
0.00010003851625936598 
0.00010003851625936598 
8.690506664855894e-05 
8.690506664855894e-05 
6.087353665866907e-05 
0.0003 
0.0003 
0.0002845689120413798 
0.0002845689120413798 
0.0002845689120413798 
0.00026538837595140415 
0.00026538837595140415 
0.00024711489054061303 
0.00024711489054061303 
0.00023124599272076604 
0.00023124599272076604 
0.00023124599272076604 
0.00019544308428174538 
0.00019544308428174538 
0.00018714799495728394 
0.0002854597429148005 
0.0002854597429148005 
0.0002854597429148005 
0.0002812151984229797 
0.0003 
0.0003 
0.0003 
0.0001668118602005597 
0.0001668118602005597 
0.0003 
0.0003 
0.0003 
0.0002459409029821604 
0.0002459409029821604 
0.0001917303678988036 
0.0001917303678988036 
0.00016794944345053131 
0.0003 
0.0003 
0.0003 
0.0002178057839270364 
0.0002178057839270364 
0.0003 
0.0002907270069161925 
0.0002907270069161925 
0.0002907270069161925 
0.00025464903883974047 
0.00025464903883974047 
0.00025464903883974047 
0.0002421601228429612 
0.0002421601228429612 
0.0002421601228429612 
0.00022713122695366646 
0.00022713122695366646 
0.00022713122695366646 
0.00022713122695366646 
0.00021859346703853428 
0.00022944585392546918 
0.00022944585392546918 
0.00022944585392546918 
0.00019880079822025731 
0.00019880079822025731 
0.0003 
0.0002588904346762965 
0.0002588904346762965 
0.0003 
0.0002825562850859976 
0.0002825562850859976 
0.0002825562850859976 
0.00024005597419898069 
0.00024005597419898069 
0.00024005597419898069 
0.00024005597419898069 
0.00015785872641307052 
0.00015785872641307052 
3.844430343973848e-05 
0.0003 
0.0003 
0.0002745018928634696 
0.0002745018928634696 
0.0002745018928634696 
0.00026648230354239913 
0.0002664823035423992 
0.0001793903533632625 
0.0001793903533632625 
0.00027370654044714014 
0.00027370654044714014 
3.6101441898067616e-05 
0.0003 
0.0003 
0.0003 
0.0002520174437839675 
0.0002520174437839675 
0.0002520174437839675 
0.000243898120488698 
0.000243898120488698 
0.000243898120488698 
0.000243898120488698 
0.000243898120488698 
0.00020332870714949162 
0.00020332870714949162 
0.00016948294919541008 
0.00016948294919541006 
0.00016948294919541006 
0.0001503675201867937 
0.0001503675201867937 
0.0001447529824595139 
0.0003 
0.0003 
0.00028896221660017294 
0.00028896221660017294 
0.00028896221660017294 
0.00027800409385424175 
0.00027800409385424175 
0.0002513844769447718 
0.0002513844769447718 
0.0003 
0.00024385481831653847 
0.00024385481831653847 
0.00024385481831653847 
0.00024385481831653847 
0.0002082347698704975 
0.0002082347698704975 
0.0001916450476639335 
0.0001916450476639335 
0.0001916450476639335 
0.0003 
0.0002855470681861669 
0.0002855470681861669 
0.0003 
0.0002843129920686951 
0.0002843129920686951 
0.0002843129920686951 
0.0002843129920686951 
0.0002639879214779266 
0.0002639879214779266 
0.0002350624252355976 
0.0002350624252355976 
0.00020825809159922716 
0.00020825809159922716 
0.0001981119050328623 
0.0001981119050328623 
0.0002048328102061214 
0.0001281828166321913 
0.0001281828166321913 
8.333137785705721e-05 
8.333137785705721e-05 
6.543471276593515e-05 
6.543471276593515e-05 
5.404486565453634e-05 
0.0003 
0.00014931550608418068 
0.00014931550608418068 
9.235187149473246e-05 
0.0003 
0.0003 
0.0003 
0.0003 
0.00029160711311168407 
0.00029160711311168407 
0.00028092232118679734 
0.00028092232118679734 
0.00028092232118679734 
0.00024840807123885475 
0.00024840807123885475 
0.00022032095736701754 
0.00022032095736701754 
0.00022032095736701754 
0.00021315947744317352 
0.00021315947744317352 
0.00021315947744317352 
0.00018885517324105958 
0.00018885517324105958 
0.00018885517324105958 
6.11086147346546e-06 
6.1108614734654596e-06 
0.0003 
0.00010916177436197738 
0.00010916177436197738 
0.00010916177436197738 
9.0589670275724e-05 
9.0589670275724e-05 
5.981746060105524e-05 
5.981746060105524e-05 
5.981746060105524e-05 
6.641199864312938e-06 
0.0003 
0.0003 
0.000296283878282752 
0.000296283878282752 
0.000296283878282752 
0.00028011748004353517 
0.00028011748004353517 
0.0002406734653990809 
0.0002406734653990809 
0.00022364854178902219 
0.00022364854178902219 
0.00020514930262620086 
0.00020514930262620086 
0.00019841961228684533 
0.00019841961228684533 
0.00014320581069470118 
0.00014320581069470118 
0.0001259594044146808 
0.0001259594044146808 
6.397805332589011e-05 
0.0003 
0.0003 
0.0003 
1.4511040695453447e-05 
1.4511040695453448e-05 
1.4511040695453448e-05 
1.8272446993631058e-06 
1.8272446993631058e-06 
0.0003 
0.0003 
0.0002593620919298486 
0.0002593620919298486 
0.0002593620919298486 
0.00021907109774905287 
0.0003 
0.0003 
0.0003 
0.0002682037680928868 
0.0002682037680928868 
0.00025288257503434133 
0.0002528825750343413 
0.0002528825750343413 
0.00019830930927419797 
0.00019830930927419797 
0.00019830930927419797 
0.00019266419821405256 
0.00019266419821405256 
0.00018091743666309143 
0.00018091743666309143 
0.00016206508553266475 
0.00016206508553266475 
0.00012322439420474367 
0.0003 
0.0003 
0.0003 
0.0002687062784652449 
0.0003 
0.0003 
0.00027764213434291996 
0.00027764213434291996 
0.0003 
0.0003 
0.00023228424763660217 
0.00023228424763660217 
0.00016933703841350562 
0.00016933703841350562 
0.00016933703841350562 
0.0002246826277937175 
0.0001979783626640862 
0.0001979783626640862 
0.0001979783626640862 
0.00017139541945601487 
0.00017139541945601487 
0.00017139541945601487 
0.00012665225622648493 
0.0003 
0.0003 
0.00027140286308505277 
0.00027140286308505277 
0.00027140286308505277 
0.00026479590342892186 
0.00026479590342892186 
0.00026479590342892186 
0.00020268346698870584 
0.00020268346698870584 
0.00018897120431516184 
0.0003 
0.0003 
0.0003 
0.0003 
0.0002888982034619328 
0.0002888982034619328 
0.0002888982034619328 
0.00027732262183739867 
0.0002773226218373987 
0.0002773226218373987 
0.00020278299059191555 
0.00020278299059191555 
0.000195273347747921 
0.00027077114895712165 
0.00027077114895712165 
0.00027077114895712165 
0.0002630902455830989 
0.0002630902455830989 
0.0002630902455830989 
0.00023737857257761401 
0.00023737857257761401 
0.00014646493918712077 
0.00014646493918712077 
0.00010995548491091322 
0.00010995548491091322 
3.696382278943719e-05 
3.696382278943719e-05 
0.0003 
0.0003 
0.0002592578421240811 
0.00025925784212408107 
0.00025925784212408107 
0.00024389074326121944 
0.00024389074326121941 
0.0001995752736028479 
0.0001995752736028479 
0.00018287179105032518 
0.00018287179105032518 
0.00016891919320232205 
0.00016891919320232205 
9.480448382410109e-05 
9.480448382410109e-05 
7.675265386256294e-05 
7.675265386256294e-05 
0.0003 
0.00029273154734612184 
0.00029273154734612184 
0.00027669763469307713 
0.00027669763469307713 
0.0002513395558012052 
0.0002513395558012052 
0.00022443204846219912 
0.0003 
0.0003 
0.0003 
0.0002543679711901935 
0.0002543679711901935 
0.00019725580321002512 
0.00019725580321002512 
0.0001416915962750868 
0.0001416915962750868 
0.0001416915962750868 
0.00011003484418151252 
0.00029028147069241883 
0.0002576534454591136 
0.0002576534454591136 
0.0002576534454591136 
0.000214107569439821 
0.000214107569439821 
0.0001716689286711679 
0.0003 
0.0003 
0.0003 
0.00027736461052095193 
0.000277364610520952 
0.000277364610520952 
0.00026385609918755555 
0.00026385609918755555 
0.0002203941379835552 
0.0003 
0.0003 
0.0003 
0.00027998127466050517 
0.00027998127466050517 
0.00027998127466050517 
0.00022797052909932571 
0.00022797052909932571 
0.0003 
0.00022906607214319568 
0.00022906607214319568 
0.00021942843346812435 
0.00021942843346812435 
0.00021942843346812435 
0.00021543360509610737 
0.00021543360509610737 
7.761696054803737e-05 
7.761696054803737e-05 
7.761696054803737e-05 
4.060502346087702e-05 
4.060502346087702e-05 
4.060502346087702e-05 
0.0003 
0.00028917443298025577 
0.00028917443298025577 
0.00028917443298025577 
0.00020369410674393095 
0.00020369410674393095 
0.000146750836423262 
0.000146750836423262 
6.473631423313228e-05 
6.473631423313228e-05 
2.154029046885501e-05 
9.725314139391841e-05 
9.725314139391841e-05 
9.725314139391841e-05 
5.889898257769062e-05 
5.889898257769062e-05 
4.648391562347692e-05 
4.648391562347692e-05 
3.895343702752551e-05 
3.895343702752551e-05 
1.8076978964385418e-05 
1.8076978964385418e-05 
2.3630899391009506e-07 
2.3630899391009506e-07 
0.0003 
0.0003 
0.00023955250859005234 
0.00023955250859005234 
0.00023955250859005234 
0.00022985349042196679 
0.00022985349042196679 
0.00021505972689242942 
0.00021505972689242942 
0.00021505972689242942 
0.00020803684292058922 
0.00020803684292058922 
0.00018265365568797482 
0.00018265365568797482 
9.164979988827916e-05 
9.164979988827916e-05 
9.164979988827916e-05 
5.6878281181747726e-05 
5.6878281181747726e-05 
4.779562446973464e-05 
0.00022281204898810553 
0.00022281204898810553 
0.00022281204898810553 
0.00022281204898810553 
8.421711147292105e-05 
8.421711147292105e-05 
5.830874075795661e-05 
5.830874075795661e-05 
5.830874075795661e-05 
4.801962161205031e-05 
4.801962161205031e-05 
4.801962161205031e-05 
4.6016558878909e-06 
4.6016558878909e-06 
0.0003 
0.0003 
0.000287326929835285 
0.000287326929835285 
0.0002502804323211342 
0.0003 
0.0003 
0.0003 
0.00029255344315366066 
0.00029255344315366066 
0.00029255344315366066 
0.0002776317359787045 
0.0003 
0.0003 
0.00024552140885873144 
0.00024552140885873144 
0.00024552140885873144 
0.00017971711306637048 
0.00017971711306637048 
0.00017971711306637048 
0.00015039709797876483 
0.00015039709797876483 
0.0003 
0.0003 
0.0002896288906472116 
0.0002896288906472116 
0.0002896288906472116 
0.00014002266058619323 
0.00014002266058619323 
9.052967519784878e-05 
9.052967519784878e-05 
0.0003 
0.0003 
0.0002716646964438305 
0.0002716646964438305 
0.0002716646964438305 
0.0002630633021723757 
0.0002630633021723757 
0.0002630633021723757 
0.00025147414305498063 
0.00025147414305498063 
0.00020687669133780852 
0.00020687669133780852 
0.00020687669133780852 
0.00019345445536695348 
0.00019345445536695348 
0.00019345445536695348 
7.188939317163402e-05 
7.188939317163402e-05 
2.668766229989747e-05 
2.668766229989747e-05 
5.72325278359399e-06 
5.8423688258718504e-05 
5.8423688258718504e-05 
5.8423688258718504e-05 
2.6213684872934313e-05 
2.6213684872934313e-05 
1.8364467316587248e-05 
0.0003 
0.0003 
0.0003 
0.0002893382396422797 
0.0002893382396422797 
0.0002893382396422797 
0.000255690191545443 
0.000255690191545443 
0.000255690191545443 
0.00019470471553796528 
0.0003 
0.0003 
0.0003 
0.0002721600732595779 
0.0003 
0.0003 
0.0003 
0.0002822822703217764 
0.0002822822703217764 
0.0002686543570761437 
0.0002686543570761437 
0.0002686543570761437 
0.0002686543570761437 
0.0003 
0.0002690358706942105 
0.0002690358706942105 
0.00023137563738112558 
0.00023137563738112558 
0.00023137563738112558 
0.00013609415560170618 
0.00013609415560170618 
0.00013609415560170618 
0.00012470437860694213 
0.00012470437860694213 
0.00012470437860694213 
0.00011241585139537628 
0.00011241585139537628 
1.7469528719380782e-05 
0.0003 
0.0002495659224833277 
0.0003 
0.0003 
0.0003 
0.00028757425172050216 
0.00028757425172050216 
0.0002774636410735639 
0.0002774636410735639 
0.0002774636410735639 
0.00026463554198278216 
0.00026463554198278216 
0.00026463554198278216 
0.0002595709448752411 
0.0002595709448752411 
0.0003 
0.0003 
0.0002664760778233649 
0.0002664760778233649 
0.00024481137744385004 
0.00024481137744385004 
9.182150677594718e-05 
9.182150677594718e-05 
9.182150677594718e-05 
8.11510977074687e-05 
8.11510977074687e-05 
0.0003 
0.0003 
0.00023039102440460001 
0.00023039102440460001 
0.00023039102440460001 
0.00019014372865424362 
0.00019014372865424362 
0.00019014372865424362 
0.0001401973521138911 
0.0001401973521138911 
0.00013126546530450913 
0.0003 
0.0003 
0.0003 
2.2368831114359666e-05 
2.2368831114359666e-05 
7.23997534812625e-05 
7.23997534812625e-05 
6.136353974117416e-05 
6.136353974117416e-05 
6.136353974117416e-05 
3.067067443086172e-05 
3.067067443086172e-05 
3.067067443086172e-05 
0.0003 
0.0002952414858537008 
0.0002952414858537008 
0.0002792432602042071 
0.0002792432602042071 
0.0002792432602042071 
0.0002276410342143659 
0.0002276410342143659 
0.00020550924905018335 
0.00020550924905018335 
0.00012911776968067249 
0.0003 
0.0003 
0.0003 
0.00028130003179719254 
0.0003 
0.0003 
0.00021067258426251198 
0.00021067258426251198 
0.00021067258426251198 
0.00018536793077308946 
0.00018536793077308946 
0.00018536793077308946 
0.000149910088816449 
0.000149910088816449 
0.00013391162159165612 
0.00013391162159165612 
0.00013391162159165612 
0.0003 
0.00023891644140120014 
0.00023891644140120014 
0.0002235944809601149 
0.0002235944809601149 
0.0002235944809601149 
7.383347349114349e-05 
0.0003 
0.0003 
0.0002831299331677995 
0.0003 
0.0003 
0.0003 
0.0002820919338465613 
0.0002820919338465613 
0.00027359762079455497 
0.0003 
0.0003 
9.385085332810927e-05 
9.385085332810927e-05 
6.0303209155951193e-05 
6.0303209155951193e-05 
5.513239854882204e-05 
5.513239854882204e-05 
5.513239854882204e-05 
4.388820446102829e-05 
0.0003 
0.0003 
0.0002609154489878103 
0.0002609154489878103 
0.0002609154489878103 
0.00018434382105336696 
0.00018434382105336696 
0.000135376942589954 
0.000135376942589954 
0.000135376942589954 
0.00012742827945541428 
0.0001274282794554143 
1.4903050511225197e-05 
1.4903050511225197e-05 
0.0003 
0.0003 
0.00027010932372315265 
0.00027010932372315265 
0.00027010932372315265 
0.0002608860837583646 
0.0003 
0.0003 
0.0003 
2.484867295349084e-05 
2.484867295349084e-05 
2.484867295349084e-05 
2.484867295349084e-05 
1.3914271567994203e-05 
1.3914271567994203e-05 
1.3914271567994203e-05 
1.3914271567994203e-05 
1.3914271567994203e-05 
0.0003 
0.0002593301995066668 
0.0002593301995066668 
0.0002593301995066668 
0.0002514893501836029 
0.0002514893501836029 
0.0002514893501836029 
0.00022890378644051612 
0.00022890378644051612 
0.0003 
0.0003 
0.00029070064248611625 
0.00029070064248611625 
0.0002457141694490457 
0.0002457141694490457 
0.0002457141694490457 
0.00022033202377724193 
0.0003 
0.0003 
0.0003 
0.00016736183459033116 
0.00016736183459033116 
0.00016736183459033116 
0.00013595402292200954 
0.0003 
0.0003 
0.0003 
0.00022279360799165143 
0.00022279360799165143 
0.0001342735444515636 
0.0001342735444515636 
0.0001342735444515636 
0.00012308738657492503 
0.0003 
0.0003 
0.0003 
0.0002928761233084086 
0.0002928761233084086 
0.0002928761233084086 
8.839863262178523e-05 
8.839863262178523e-05 
8.839863262178523e-05 
3.074606153650047e-05 
3.074606153650047e-05 
3.074606153650047e-05 
1.140112396995395e-05 
1.140112396995395e-05 
0.00017779268626790963 
0.00016086371536424825 
0.00016086371536424827 
0.00016086371536424827 
0.00016086371536424827 
0.00013872349058045388 
0.00013872349058045388 
0.0001248121824032975 
0.0003 
0.0003 
0.0003 
0.00025233225965313745 
0.00025233225965313745 
0.00025233225965313745 
0.00022390779055368805 
0.00022390779055368805 
0.00010315214749017359 
0.0003 
0.0003 
0.0003 
0.0002724880822842399 
0.0002724880822842399 
0.0002724880822842399 
0.0002724880822842399 
0.0002480790158436449 
0.0003 
0.0003 
0.0003 
0.00014961607310686479 
0.0003 
0.0003 
0.0003 
0.00022691867979480478 
0.00022691867979480478 
0.00022691867979480478 
0.00015358993318339062 
0.00015358993318339062 
0.00013764443013581046 
0.00013764443013581046 
0.00012985226683877044 
0.0003 
0.0003 
0.0003 
0.0002620941608087935 
0.0002620941608087935 
0.0002620941608087935 
0.0002620941608087935 
0.0002546576178007875 
0.0002546576178007875 
0.00023925648731964173 
0.00023925648731964173 
0.00023069338462642372 
0.0003 
0.0003 
0.0003 
0.00025305726641838735 
0.00025305726641838735 
0.00025305726641838735 
0.00021895715513654815 
0.00021895715513654815 
