0.0003 
0.0003 
0.00028214741698012817 
0.00028214741698012817 
0.00028214741698012817 
0.00028214741698012817 
0.0002665362589369252 
0.0002665362589369252 
0.0003 
0.0003 
0.0002849212580105383 
0.0002849212580105383 
0.0002849212580105383 
0.0002761647121306092 
0.0002761647121306092 
0.00021699256933280982 
0.00021699256933280984 
0.00021699256933280984 
0.0002095684926336668 
0.0002095684926336668 
0.00017573741769106744 
0.00017573741769106744 
0.0001324340196439306 
0.0001324340196439306 
4.1479401676052975e-05 
0.0003 
0.0003 
0.00027012316449577143 
0.00027012316449577143 
0.0002322365649807833 
0.0002322365649807833 
0.0002322365649807833 
0.00017247915091109976 
0.00026396379764480305 
0.00026396379764480305 
0.00026396379764480305 
0.00022466010303152505 
0.00022466010303152505 
0.00022466010303152505 
0.0002059036772775575 
0.0002059036772775575 
0.00018340438418559455 
0.0003 
0.0003 
0.00026842272151972134 
0.00026842272151972134 
0.00026842272151972134 
0.00020857690589859 
0.00020857690589859 
0.00018484197477299527 
0.00018484197477299527 
0.00018484197477299527 
5.6966573639856194e-05 
5.6966573639856194e-05 
5.6966573639856194e-05 
4.019270529832767e-05 
4.019270529832767e-05 
2.9136902537640022e-05 
0.0003 
0.0003 
0.0003 
0.00023386195346110757 
0.00023386195346110757 
0.00023386195346110757 
0.0002206341745780327 
0.0002206341745780327 
0.0003 
0.00027807799426625 
0.00027807799426625 
0.00027807799426625 
9.715977504087762e-05 
9.715977504087762e-05 
9.715977504087762e-05 
9.715977504087762e-05 
0.00024414363747098924 
0.00019647247683838345 
0.00019647247683838345 
0.00019647247683838345 
0.00017035053991737624 
0.00017035053991737624 
0.00013608860473083903 
0.00013608860473083903 
7.36064470167941e-05 
7.36064470167941e-05 
7.36064470167941e-05 
1.6654871760180956e-05 
1.6654871760180956e-05 
1.6654871760180956e-05 
1.6654871760180956e-05 
8.964668384126805e-06 
8.964668384126805e-06 
0.00024287953812849428 
0.00024287953812849428 
0.00021430498352633463 
0.00021430498352633463 
0.00015938185707381188 
0.00015938185707381188 
0.0001341554240060204 
0.0003 
0.0003 
0.0003 
0.00015624606412933343 
0.00015624606412933343 
0.00015624606412933343 
0.00011622489781103013 
0.0003 
0.0003 
0.0003 
0.0002578565593691395 
0.0002578565593691395 
0.0002578565593691395 
0.00023662547448260443 
0.00023662547448260443 
0.00017079112017652018 
0.00017079112017652018 
0.00011627178425020171 
0.00011627178425020171 
6.244939841483938e-05 
0.00017811530950494745 
0.00017811530950494745 
0.00017811530950494745 
0.0001645986740929354 
0.0003 
0.0003 
0.0003 
0.0002619650971177737 
0.0003 
0.0003 
0.0003 
0.00015387760474502407 
0.00015387760474502407 
0.00015387760474502407 
2.71973322220501e-05 
2.71973322220501e-05 
0.0003 
0.0003 
0.0002534091999847776 
0.0002534091999847776 
0.00021469813177477939 
0.00021469813177477939 
0.00021469813177477939 
0.00010853913726850492 
0.00010853913726850492 
0.0003 
0.0003 
0.00026646493117009524 
0.00026646493117009524 
0.0003 
0.0002889843168687864 
0.0002889843168687864 
0.0003 
0.0003 
0.0003 
0.0002472019787457725 
0.0002472019787457725 
0.00022582944479044323 
0.00022582944479044323 
0.0003 
0.0003 
0.00028956646377806613 
0.00028956646377806613 
0.0003 
0.0003 
0.0002904242088064513 
0.0002904242088064513 
0.0002904242088064513 
0.0002305485255405383 
0.0002305485255405383 
0.0002305485255405383 
0.0002016082280704996 
0.0002016082280704996 
0.0002016082280704996 
0.00013874604118493803 
0.00013874604118493803 
0.00012125559437899515 
0.0003 
0.0003 
0.0003 
0.00026857446698254177 
0.00026857446698254177 
0.00024119134812129771 
0.00024119134812129771 
0.00021583844505460029 
0.0003 
0.0003 
0.00028245009939178214 
0.0003 
0.0003 
0.00020365803365329297 
0.00020365803365329297 
7.819886882695542e-05 
7.819886882695542e-05 
0.0003 
0.00029180194998789196 
0.00029180194998789196 
0.00029180194998789196 
0.0002791637896184942 
0.0002791637896184942 
0.0002791637896184942 
0.0003 
0.00026170775764577665 
0.00026170775764577665 
0.00026170775764577665 
0.00018809224346505354 
0.00018809224346505354 
0.00018809224346505354 
0.00016640465636699148 
0.00016640465636699148 
0.0002654732511211394 
0.0002654732511211394 
0.0002061934062098515 
0.0002061934062098515 
0.00013697196054768816 
0.00013697196054768816 
0.00010063827764932574 
0.00010063827764932574 
3.251941209761198e-06 
3.251941209761198e-06 
0.0003 
0.0003 
0.0002572682841403597 
0.0002572682841403597 
0.00024248191615691876 
0.00024248191615691876 
0.00024248191615691876 
0.0003 
0.00018142011783202388 
0.00018142011783202388 
0.00018142011783202388 
0.00011423690148310494 
0.00011423690148310494 
0.00011423690148310494 
2.365755328181829e-05 
2.365755328181829e-05 
0.0003 
0.00026558721198693817 
0.00026558721198693817 
0.00026558721198693817 
0.00020948310818433833 
0.00020948310818433833 
0.0001956809325053751 
0.0001956809325053751 
0.00018014073259360922 
0.00018014073259360922 
0.00018014073259360922 
0.0003 
0.0002269489841421197 
0.0002269489841421197 
0.0002269489841421197 
0.0002269489841421197 
0.00020938512763176153 
0.00020938512763176153 
0.00020938512763176153 
3.5228189395092595e-05 
3.5228189395092595e-05 
0.0003 
0.0003 
3.266258179243761e-05 
3.266258179243761e-05 
1.5470273406879384e-06 
1.5470273406879384e-06 
1.5470273406879384e-06 
0.00026181686826700853 
0.00014191726708025372 
0.00014191726708025372 
0.00014191726708025372 
0.0003 
0.00021531233031486612 
0.00021531233031486612 
0.00021531233031486612 
0.00016544992727513753 
0.00016544992727513753 
0.00014665255758762957 
0.0003 
0.0003 
0.0002600121334516993 
0.0002600121334516993 
0.0002600121334516993 
0.00024261098811216981 
0.00024261098811216981 
0.00019528935142917495 
0.00019528935142917495 
0.0003 
0.0003 
0.00022905348087785238 
0.00022905348087785238 
0.00018286382697334312 
0.00018286382697334312 
0.00018286382697334312 
2.0048904139694342e-05 
2.0048904139694342e-05 
0.0003 
0.00025120120394454473 
0.00025120120394454473 
0.00025120120394454473 
0.00016686303021946412 
0.00016686303021946412 
0.00016686303021946412 
0.0003 
0.00028187825734075607 
0.00028187825734075607 
0.00028187825734075607 
0.00021951412773747617 
0.00021951412773747617 
0.00021951412773747617 
0.00021951412773747617 
0.00018305666973678596 
0.00018305666973678596 
0.0003 
0.0003 
0.0003 
0.0002751814260083467 
0.0003 
0.0003 
0.0003 
0.0003 
0.0002860827136797504 
0.0002860827136797504 
0.0002860827136797504 
0.0002492017380429488 
0.0002492017380429488 
0.0002492017380429488 
7.311043626896928e-05 
7.311043626896928e-05 
0.00010084406440826793 
3.974257598737466e-05 
3.974257598737466e-05 
3.974257598737466e-05 
1.256356324231938e-05 
1.256356324231938e-05 
0.0003 
0.00023762346639612068 
0.0002376234663961207 
0.0002129311447015926 
0.0002129311447015926 
0.0002129311447015926 
0.00017626765504119582 
0.00017626765504119582 
0.00017626765504119582 
0.00016177601458538735 
0.00016177601458538735 
0.00011757519056739717 
0.00011757519056739717 
0.00011757519056739717 
9.304109932078163e-05 
9.304109932078163e-05 
9.304109932078163e-05 
7.964734167979399e-05 
7.964734167979399e-05 
7.964734167979399e-05 
7.964734167979399e-05 
4.957676697322233e-05 
4.957676697322233e-05 
4.957676697322233e-05 
2.1015525237461896e-06 
2.1015525237461896e-06 
0.00011087626583273407 
0.00011087626583273407 
9.570724490690825e-05 
9.570724490690825e-05 
9.570724490690825e-05 
7.803107976911215e-05 
7.803107976911213e-05 
7.803107976911213e-05 
7.803107976911213e-05 
5.8087142222694696e-05 
5.8087142222694696e-05 
0.0002276332284176247 
0.00020408575204134278 
0.00020408575204134278 
0.00018684258122835247 
0.00018684258122835247 
0.0001541108401381615 
0.0001541108401381615 
0.0001541108401381615 
4.554121570492715e-05 
4.554121570492715e-05 
1.3371663161171029e-05 
1.3371663161171029e-05 
6.404510444554469e-06 
0.0003 
0.0003 
0.0003 
0.00024183948033318188 
0.00024183948033318188 
0.00024183948033318188 
0.00024183948033318188 
0.00021599096245511742 
0.00021599096245511742 
0.00019326882256855975 
0.00019326882256855975 
0.0001799488392649069 
0.0001799488392649069 
0.0001799488392649069 
0.0001704194054811778 
0.0001704194054811778 
0.00014277644429179888 
0.00014277644429179888 
0.00026113624403861557 
0.00026113624403861557 
0.0001480453015749019 
0.0001480453015749019 
0.00014025985576087135 
0.00014025985576087135 
0.00014025985576087135 
0.00013072260464748857 
0.00013072260464748857 
0.00013072260464748857 
9.707883045851183e-05 
9.707883045851183e-05 
7.45014151351299e-05 
7.45014151351299e-05 
1.483655526026346e-05 
1.483655526026346e-05 
0.0003 
0.0003 
0.0002764359889185401 
0.0002764359889185401 
0.0002547593266464894 
0.0002547593266464894 
0.0002547593266464894 
0.0002547593266464894 
0.00023710360171642341 
0.00023710360171642341 
0.00020162802267895575 
0.00020162802267895575 
0.0003 
0.0003 
0.0002750591317805132 
0.0002750591317805132 
0.0002644156639908467 
0.0002644156639908467 
0.0002644156639908467 
0.00023443492849877317 
0.00023443492849877317 
0.00023443492849877317 
0.00021674057013243788 
0.0003 
0.0003 
0.0003 
0.00015898014974532738 
0.0003 
0.0003 
0.0003 
0.0002591663520658989 
0.00025916635206589886 
0.00025916635206589886 
0.00021475232345186405 
0.00021475232345186405 
1.999512123888509e-05 
0.00010866853159310604 
0.00010866853159310604 
0.00010866853159310604 
8.45067219803603e-05 
8.45067219803603e-05 
8.45067219803603e-05 
1.3166767043388321e-05 
1.3166767043388321e-05 
5.867172023391065e-05 
5.867172023391065e-05 
3.1502874683660026e-05 
3.1502874683660026e-05 
3.1502874683660026e-05 
3.1502874683660026e-05 
3.1502874683660026e-05 
0.0003 
0.00025672365878541266 
0.00025672365878541266 
0.00025672365878541266 
0.00024152529387048302 
0.0003 
0.0003 
0.00027132936260619204 
0.00027132936260619204 
0.0003 
0.0003 
0.00024429719185295473 
0.00024429719185295473 
0.0003 
0.0003 
0.00028205555346572244 
0.00028205555346572244 
0.00028205555346572244 
0.0001397219836741114 
0.0001397219836741114 
0.00013048964325789553 
0.00013048964325789553 
0.00013048964325789553 
0.00013048964325789553 
6.37409748508341e-05 
6.37409748508341e-05 
0.0003 
0.00012716159211706738 
0.00012716159211706738 
0.00012716159211706738 
0.00012716159211706738 
0.00010005118233433831 
0.00010005118233433831 
0.00010005118233433831 
0.00010005118233433831 
0.0003 
0.0001691948215147087 
0.0001691948215147087 
2.1082331270338078e-05 
2.1082331270338078e-05 
2.1082331270338078e-05 
2.1082331270338078e-05 
0.0003 
0.00023886240928176284 
0.00023886240928176284 
0.00023886240928176284 
0.00020591499697353015 
0.00020591499697353015 
0.0003 
0.00012911138223369083 
0.00012911138223369083 
0.00012911138223369083 
8.448139391448745e-05 
8.448139391448745e-05 
8.448139391448745e-05 
5.312529632334999e-05 
5.312529632334999e-05 
5.312529632334999e-05 
7.02772222659444e-06 
7.02772222659444e-06 
0.00016748688595189667 
0.00016748688595189667 
0.00012081125697838572 
0.00012081125697838572 
0.00012081125697838572 
0.00011017213328499268 
0.00011017213328499268 
0.00011017213328499268 
5.971442516210304e-05 
5.971442516210304e-05 
5.971442516210304e-05 
2.2422407359435737e-05 
2.2422407359435737e-05 
0.0003 
0.0003 
0.0002093683117562325 
0.0002093683117562325 
0.00012251849281052818 
0.0003 
0.0003 
0.0003 
0.00022576235317089933 
0.00022576235317089933 
0.00022576235317089933 
0.00022576235317089933 
0.00021508945461072538 
0.00021508945461072538 
9.721183568667919e-05 
9.721183568667919e-05 
0.0003 
0.00028115360786733624 
0.00028115360786733624 
0.00028115360786733624 
0.00024760707176788184 
0.0003 
0.0003 
0.0003 
0.000288584972860067 
0.000288584972860067 
0.000288584972860067 
0.00025207831495395005 
0.00025207831495395005 
0.00025207831495395005 
0.00017349278481526472 
0.00017349278481526472 
0.0001296221913263382 
0.0001296221913263382 
0.0001296221913263382 
8.54859177638945e-05 
8.54859177638945e-05 
4.639282925380525e-05 
0.0003 
0.0003 
0.000264159832337207 
0.000264159832337207 
0.000264159832337207 
0.00025669587417802037 
0.00025669587417802037 
0.00025669587417802037 
0.0002093333704968537 
0.0003 
0.0003 
0.0003 
0.00026188390506142123 
0.00026188390506142123 
0.00023944175004317214 
0.00023944175004317214 
0.00023944175004317214 
0.00020737933781133402 
0.0003 
0.0003 
0.0003 
4.8589626376812104e-06 
4.8589626376812104e-06 
4.8589626376812104e-06 
6.75774097917802e-05 
3.833689805091216e-05 
3.833689805091216e-05 
3.833689805091216e-05 
2.818724696969588e-06 
2.8187246969695876e-06 
2.8187246969695876e-06 
0.0003 
0.00028298654862887664 
0.00028298654862887664 
0.00026941074049804443 
0.00026941074049804443 
0.00021987513153969685 
0.00021987513153969685 
0.00018430036451576437 
0.00018430036451576437 
0.00014575611309712553 
0.00014575611309712553 
0.00012376711566739143 
0.00012376711566739143 
8.423491461424714e-05 
8.423491461424714e-05 
8.681193889360668e-05 
8.681193889360668e-05 
8.681193889360668e-05 
7.177092540370614e-05 
7.177092540370614e-05 
7.177092540370614e-05 
3.402306598176328e-05 
3.402306598176328e-05 
3.402306598176328e-05 
0.0003 
6.128949354085775e-05 
6.128949354085775e-05 
6.128949354085775e-05 
6.128949354085775e-05 
4.671675086120381e-05 
4.671675086120381e-05 
4.671675086120381e-05 
0.0003 
0.00025872382457492145 
0.00025872382457492145 
0.00025872382457492145 
0.00022663635479543278 
0.00022663635479543278 
0.00019183503131863224 
0.00019183503131863224 
0.00016425340566338683 
0.0003 
0.0003 
0.0003 
0.0002572265032773294 
0.0002572265032773294 
0.0002572265032773294 
0.00021114003878206593 
0.00021114003878206593 
0.00015650752512205645 
0.00015650752512205645 
8.341180567238572e-05 
8.341180567238572e-05 
8.341180567238572e-05 
0.0003 
0.00027743945173908135 
0.00027743945173908135 
0.00027743945173908135 
0.00025800907506469417 
0.00025800907506469417 
0.00025800907506469417 
0.00017226824175506432 
0.00017226824175506432 
0.00017226824175506432 
0.0001509088026106814 
0.0001509088026106814 
0.0001509088026106814 
0.00012527353897246114 
0.00012527353897246114 
9.995891328148538e-05 
0.0003 
0.0003 
0.0003 
0.0002736930288420477 
0.0002736930288420477 
0.0002736930288420477 
0.0002376415401308931 
0.0002376415401308931 
0.0002376415401308931 
0.00021687792614995475 
0.00021687792614995475 
0.00021687792614995475 
0.00020037657302825345 
0.00020037657302825345 
0.0001625425816163056 
0.0003 
0.0003 
0.0003 
0.0002263272803267187 
0.0002263272803267187 
0.0002263272803267187 
0.00021362567947557406 
0.0003 
0.0003 
0.00023199413550005986 
0.00023199413550005986 
0.00018627610439009951 
0.00018627610439009951 
0.00018627610439009951 
0.00015984208571701982 
0.00015984208571701982 
0.00011744883956931059 
0.00011744883956931059 
8.63594389353626e-05 
0.0003 
0.0003 
0.0003 
0.00010577269789327823 
0.00010577269789327823 
0.0003 
0.0003 
0.0002429518862235082 
0.0002429518862235082 
0.0002429518862235082 
0.0001779471155213544 
0.0001779471155213544 
0.00015934309563085534 
0.00015934309563085534 
0.0003 
0.0002387587249598297 
0.0002387587249598297 
0.0003 
0.0003 
0.0002482265307481609 
0.0002482265307481609 
0.00020523216471286934 
0.00020523216471286934 
0.00020523216471286934 
0.00020523216471286934 
0.00017158531066927547 
0.00017158531066927547 
0.0001239827274348439 
0.0001239827274348439 
9.16353000922255e-05 
0.0003 
0.0003 
0.0003 
0.0003 
0.0003 
0.00028573894924073344 
0.00028573894924073344 
0.00028573894924073344 
0.00028573894924073344 
0.0002382365580616827 
0.0002382365580616827 
0.00010746249065918462 
0.00010746249065918462 
1.4256345614801325e-05 
1.4256345614801325e-05 
0.0003 
0.0003 
0.0003 
0.00029366674912455746 
0.00029366674912455746 
0.0002423860053491439 
0.0002423860053491439 
0.0002423860053491439 
0.00021494007104554537 
0.0003 
0.0003 
0.0003 
0.00028352184164036305 
0.00028352184164036305 
0.00028352184164036305 
0.00016714754224686455 
0.00016714754224686455 
0.00016714754224686455 
7.908066078668078e-05 
7.908066078668078e-05 
6.308359871813879e-05 
0.0003 
0.0003 
0.0003 
0.0001212687080484564 
0.0001212687080484564 
0.0001212687080484564 
9.334792296752928e-05 
9.334792296752928e-05 
3.408419713868143e-05 
3.408419713868143e-05 
3.408419713868143e-05 
2.019959899535956e-05 
2.019959899535956e-05 
0.0003 
0.0002785583761629294 
0.0002785583761629294 
0.0003 
0.0003 
0.0001691418254394148 
0.0001691418254394148 
0.0001691418254394148 
0.00013153636554846527 
0.00013153636554846527 
0.00012009489625437283 
0.00012009489625437283 
0.00012009489625437283 
9.327961774184448e-05 
0.00011538953439313044 
0.00011538953439313044 
0.00011538953439313044 
8.339238794611516e-05 
8.339238794611516e-05 
8.339238794611516e-05 
9.949670513739931e-06 
9.949670513739931e-06 
9.949670513739931e-06 
0.0003 
0.0002457032332039633 
0.0002457032332039633 
4.87654484509182e-05 
4.87654484509182e-05 
0.0003 
0.0003 
0.0002780569130876662 
0.0002780569130876662 
0.0002454082454368646 
0.0002454082454368646 
0.0002454082454368646 
6.40085112754177e-05 
6.40085112754177e-05 
0.0003 
0.0003 
0.00020705566185151122 
0.00020705566185151122 
0.00015051913143653342 
0.00015298629134401941 
0.00015298629134401941 
0.00015298629134401941 
0.00015298629134401941 
8.411262644745177e-05 
8.411262644745177e-05 
0.0003 
0.0003 
0.00017956551097621088 
0.00017956551097621088 
0.00011924316947251834 
0.00011924316947251834 
8.504671205312463e-05 
8.504671205312463e-05 
3.150966477110782e-05 
3.150966477110782e-05 
3.150966477110782e-05 
3.150966477110782e-05 
9.563205053807433e-05 
7.793819793084699e-05 
7.793819793084699e-05 
7.793819793084699e-05 
7.793819793084699e-05 
5.961106833099136e-05 
5.961106833099136e-05 
5.961106833099136e-05 
3.3394390683428424e-05 
3.3394390683428424e-05 
3.3394390683428424e-05 
1.4553212093262631e-05 
1.4553212093262631e-05 
1.4553212093262631e-05 
0.0003 
0.00024638530843507653 
0.00024638530843507653 
4.065831696832285e-05 
4.065831696832285e-05 
4.065831696832285e-05 
4.065831696832285e-05 
5.954904670848919e-06 
5.954904670848919e-06 
0.0003 
0.00019074679827118602 
0.00019074679827118602 
0.00019074679827118602 
0.00014423328643003747 
0.00014423328643003747 
0.00014423328643003747 
0.00018480194774247451 
0.00018480194774247451 
9.10370496398775e-05 
0.0003 
0.0003 
0.000290062565941143 
0.000290062565941143 
0.000290062565941143 
0.0002761313243505223 
0.0002761313243505223 
0.0002761313243505223 
0.0003 
0.00026628752772367865 
0.00026628752772367865 
0.00026628752772367865 
0.0002220565239953038 
0.0002220565239953038 
0.0002220565239953038 
0.0002220565239953038 
0.0001718166761547813 
0.0001718166761547813 
0.0001718166761547813 
0.0003 
0.00028270165681225004 
0.00028270165681225004 
0.00028270165681225004 
0.0002077734166943948 
0.0002077734166943948 
5.461504371689533e-05 
5.461504371689533e-05 
5.461504371689533e-05 
3.911816800949556e-05 
3.911816800949556e-05 
3.911816800949556e-05 
6.193328294882124e-06 
6.193328294882124e-06 
0.0003 
0.00026524283248046223 
0.00026524283248046223 
0.00016262696881812644 
0.00016262696881812644 
0.00012582168427337852 
0.00012582168427337852 
9.005614753518342e-05 
9.005614753518342e-05 
0.0003 
0.0003 
0.0003 
0.0002853296983965493 
0.0002853296983965493 
0.0002853296983965493 
0.00024424445774374765 
0.00024424445774374765 
0.00020544507081195234 
0.00020544507081195234 
0.00017985042072954783 
0.00017985042072954783 
0.00017985042072954783 
4.845738570917238e-05 
4.845738570917238e-05 
1.2303480577989744e-05 
1.2303480577989744e-05 
1.2303480577989744e-05 
0.00021884654452297204 
3.3495295258501436e-05 
3.3495295258501436e-05 
0.0003 
0.0003 
0.0002510648690456329 
0.0002510648690456329 
0.00017583602190064516 
0.00017583602190064516 
0.00016259243980834288 
0.00016259243980834288 
0.00016259243980834288 
0.00012934806683908054 
0.00012934806683908054 
0.00011080534143720976 
0.00011080534143720976 
5.703678358916976e-05 
5.703678358916976e-05 
1.3486299866420966e-05 
1.3486299866420966e-05 
0.0003 
0.0003 
0.00017827898312085271 
0.00017827898312085271 
0.00023726193370749013 
0.00023726193370749013 
0.00015824822015051917 
0.00015824822015051917 
4.7653955543402974e-05 
4.7653955543402974e-05 
4.7653955543402974e-05 
4.7653955543402974e-05 
0.0003 
0.0002477730776440202 
0.0002477730776440202 
0.0003 
0.0003 
0.0002875132753611869 
0.0002875132753611869 
0.0002875132753611869 
0.0002542310940462026 
0.0002542310940462026 
0.0002542310940462026 
1.6039702383891744e-05 
1.6039702383891744e-05 
1.6039702383891744e-05 
1.6039702383891744e-05 
0.0002007798041665801 
0.00018886377643457985 
0.00018886377643457985 
0.00018886377643457985 
0.00010548123742303387 
0.00010548123742303387 
5.9021402466303986e-05 
5.9021402466303986e-05 
5.9021402466303986e-05 
5.9021402466303986e-05 
1.3572378106603812e-05 
1.3572378106603812e-05 
1.3572378106603812e-05 
1.3572378106603812e-05 
0.0003 
0.0002887726038151648 
0.0002887726038151648 
0.0002887726038151648 
0.00017637492322598072 
0.00017637492322598072 
0.00016287423494581603 
0.00016287423494581603 
9.295491241796561e-05 
9.295491241796561e-05 
9.295491241796561e-05 
4.06102871071536e-05 
4.06102871071536e-05 
7.815219604824951e-06 
7.815219604824951e-06 
5.86133333411033e-05 
5.1298358552939295e-05 
5.1298358552939295e-05 
5.1298358552939295e-05 
1.3896417755946857e-05 
1.3896417755946857e-05 
0.0003 
0.0002387537390853083 
0.0002387537390853083 
0.0003 
0.0003 
0.00022657635473620437 
0.00022657635473620437 
0.0001628222664512013 
0.0001628222664512013 
0.00013088064588416846 
0.00013088064588416846 
5.27845670671491e-05 
5.27845670671491e-05 
6.1390413176367e-06 
6.1390413176367e-06 
0.0003 
0.0003 
0.0003 
0.00026419235473627346 
0.00026419235473627346 
0.00024969106418432644 
0.00024969106418432644 
0.00024969106418432644 
0.00016539058557262724 
0.00016539058557262724 
0.00016539058557262724 
0.0003 
0.000257495230018879 
0.0002918663548909096 
0.0002918663548909096 
0.0002918663548909096 
0.00015893981241303743 
0.00015893981241303743 
0.00015893981241303743 
0.00011669916813113293 
0.00011669916813113293 
0.00011669916813113293 
0.0003 
0.00016828250520186085 
0.00016828250520186085 
0.00016828250520186085 
9.037645582643907e-05 
9.037645582643907e-05 
6.628718125987584e-05 
6.628718125987584e-05 
6.628718125987584e-05 
0.0003 
0.00026348894281872715 
0.00026348894281872715 
0.00026348894281872715 
0.0001773949539280758 
0.0001773949539280758 
0.0001773949539280758 
0.0001585123024693802 
0.0001585123024693802 
0.0001585123024693802 
8.48221457530362e-05 
8.48221457530362e-05 
8.48221457530362e-05 
1.059793619771086e-05 
1.059793619771086e-05 
1.059793619771086e-05 
0.0003 
0.000236284997331292 
0.00023628499733129198 
0.00023628499733129198 
9.437349899232727e-05 
9.437349899232727e-05 
9.437349899232727e-05 
7.318175139605263e-05 
7.318175139605263e-05 
5.375917849684375e-05 
5.375917849684375e-05 
5.375917849684375e-05 
0.00016466389309001577 
0.00014439124426940492 
0.00014439124426940492 
0.00014439124426940492 
0.0001322124810599739 
0.0001322124810599739 
0.0003 
0.0003 
0.0003 
0.00027293961469203044 
0.00027293961469203044 
0.00027293961469203044 
0.0002506617853666368 
0.0002506617853666368 
0.00015443139596464127 
0.00015443139596464127 
0.00015443139596464127 
0.00013070573325074875 
0.00013070573325074875 
0.00011663231295739362 
0.00011663231295739362 
0.0003 
0.0003 
0.0002658359917267344 
0.0002658359917267344 
0.0002425049613407482 
0.0002425049613407482 
0.00021907305340493805 
0.00021907305340493805 
0.00021907305340493805 
0.00019736681287039633 
0.0001973668128703963 
0.0001973668128703963 
0.00017588760357439172 
0.00017588760357439172 
0.00014752994350464727 
0.0003 
0.0003 
0.00023408156233744047 
0.00023408156233744047 
0.00019743734320440122 
0.00019743734320440122 
0.0001652912866674256 
0.00016529128666742558 
0.00014594185802663527 
0.0003 
0.0003 
0.0003 
0.0002588243864461289 
0.0002588243864461289 
0.00023188268169481574 
0.00023188268169481574 
0.0002127117736813091 
0.00021271177368130913 
0.00017156039968317 
0.0003 
0.0003 
0.00026004605687484196 
0.00026004605687484196 
0.00026004605687484196 
0.00014843624366000886 
0.00014843624366000886 
0.00014843624366000886 
0.00011255176296849845 
0.00011255176296849845 
1.2704522729566723e-05 
0.0003 
0.0003 
0.0003 
0.0002041797558429628 
0.0002041797558429628 
7.217145934836221e-05 
7.217145934836221e-05 
1.7893616659264816e-05 
1.7893616659264816e-05 
0.0001331138184029174 
0.0001331138184029174 
0.00010345214682982508 
0.00010345214682982508 
6.712760557373608e-05 
6.712760557373608e-05 
0.0003 
0.0003 
0.00023561916704764496 
0.00023561916704764496 
0.00023561916704764496 
0.00010860801497187937 
0.00010860801497187937 
0.0003 
0.0003 
0.00021598757101291252 
0.00021598757101291252 
0.00021598757101291252 
9.42678787481413e-05 
9.42678787481413e-05 
9.42678787481413e-05 
9.42678787481413e-05 
8.097280035023499e-05 
8.097280035023499e-05 
8.097280035023499e-05 
8.097280035023499e-05 
5.77752801833046e-05 
5.77752801833046e-05 
0.0003 
0.0003 
0.00025590527872519045 
0.0003 
0.0003 
0.0003 
0.00029279649698434946 
0.00029279649698434946 
0.00027648011000389473 
0.00027648011000389473 
0.00026230926773121736 
0.00026230926773121736 
0.00023141735995311832 
0.00023141735995311832 
0.00017776813638353388 
0.00017776813638353388 
0.00015440717196462162 
0.00015440717196462162 
0.0001001352033836233 
0.0001001352033836233 
5.947694653267286e-05 
5.947694653267286e-05 
4.573732065942401e-05 
4.573732065942401e-05 
0.0003 
0.0003 
0.0002724065720856196 
0.0002724065720856196 
0.0002724065720856196 
0.0002493269467716378 
0.0002493269467716378 
0.0002493269467716378 
0.00021810436836684505 
0.00021810436836684505 
0.00021810436836684505 
0.00020029504191705212 
0.00020029504191705212 
0.00020029504191705212 
0.00020029504191705212 
0.0001396499847668383 
0.0001396499847668383 
0.00010061734126019078 
0.0003 
0.0003 
0.0003 
0.0002825377180552375 
0.0002825377180552375 
0.0002825377180552375 
0.00026085230271280827 
0.00026085230271280827 
0.00012484111683602262 
0.00012484111683602262 
0.0003 
0.0002121907526312543 
0.0002121907526312543 
0.0002121907526312543 
0.0001743284231050066 
0.0001743284231050066 
0.0001743284231050066 
0.00010578844620218362 
0.00010578844620218362 
0.00010578844620218362 
9.085975610398874e-05 
9.085975610398874e-05 
7.541658001603014e-05 
7.541658001603014e-05 
7.541658001603014e-05 
7.541658001603014e-05 
5.0322666598391344e-05 
5.0322666598391344e-05 
3.297009133236015e-05 
3.297009133236015e-05 
0.0003 
0.0003 
0.00025210509043330307 
0.00025210509043330307 
0.00023592596954384224 
0.00023592596954384224 
0.00017563182145304376 
0.0003 
0.0003 
0.0003 
0.0002093916104477683 
0.0002093916104477683 
0.00018245138895425276 
0.00018245138895425276 
0.0001745738485251577 
0.0001745738485251577 
0.0002679849910829699 
0.0003 
0.0002806152707035195 
0.0002806152707035195 
0.0003 
0.0003 
2.8488394923149374e-05 
2.8488394923149374e-05 
2.8488394923149374e-05 
1.0358736666254745e-05 
1.0358736666254745e-05 
1.0358736666254745e-05 
0.00015557763775088466 
7.87083952555988e-05 
7.87083952555988e-05 
7.87083952555988e-05 
7.544268576665043e-05 
7.544268576665043e-05 
7.544268576665043e-05 
5.465101242062403e-05 
5.465101242062403e-05 
2.5087645153532914e-05 
2.5087645153532914e-05 
0.0003 
0.0003 
0.00028463108019365985 
0.00028463108019365985 
0.00028463108019365985 
0.00026970510852702826 
0.00026970510852702826 
0.0002455716434011538 
0.0002455716434011538 
0.00011359074391928306 
0.00011359074391928306 
0.0003 
0.00023338832076819462 
0.00023338832076819462 
0.00016612658577626316 
0.00016612658577626316 
0.00010502037636112592 
0.00010502037636112592 
0.00010502037636112592 
4.043308310746633e-05 
4.043308310746633e-05 
0.0003 
0.0002531249037645868 
0.0002531249037645868 
0.0002531249037645868 
2.4637050248813833e-05 
2.4637050248813833e-05 
0.0003 
0.0003 
0.00013107090419498525 
0.00013107090419498525 
0.0003 
0.0003 
7.60773940098729e-05 
7.60773940098729e-05 
3.1913680784314024e-05 
3.1913680784314024e-05 
3.1913680784314024e-05 
1.6497727653176078e-05 
1.649772765317608e-05 
1.649772765317608e-05 
1.649772765317608e-05 
0.0003 
7.556497592071338e-05 
7.556497592071338e-05 
5.407004234875687e-05 
5.407004234875687e-05 
5.407004234875687e-05 
3.52741020352585e-05 
3.52741020352585e-05 
1.205999637673815e-05 
1.205999637673815e-05 
1.205999637673815e-05 
0.0001892350661996199 
8.018446201335446e-05 
8.018446201335446e-05 
8.018446201335446e-05 
8.018446201335446e-05 
0.0003 
0.00025911919290685914 
0.00025911919290685914 
0.00023200525683497454 
0.00023200525683497454 
0.00021426184675516272 
0.00021426184675516272 
0.00021426184675516272 
0.00010452238894255034 
0.00010452238894255034 
0.00010452238894255034 
2.6500813929390433e-06 
2.6500813929390433e-06 
0.0003 
0.0003 
0.0002545761062165384 
0.0002545761062165384 
0.0002545761062165384 
9.533441548040939e-05 
9.533441548040939e-05 
9.533441548040939e-05 
9.533441548040939e-05 
6.653547454189451e-05 
6.653547454189451e-05 
6.653547454189451e-05 
3.2278422624946925e-05 
3.227842262494693e-05 
3.227842262494693e-05 
0.00024415373547304287 
0.00022013898065029723 
0.00022013898065029723 
0.00022013898065029723 
0.00019489359188031195 
0.00019489359188031195 
0.00019489359188031195 
0.00012559443237476252 
0.00012559443237476252 
0.00012559443237476252 
7.176921703636095e-05 
7.176921703636095e-05 
7.176921703636095e-05 
1.6742178280582317e-05 
0.00010223359025923848 
0.00010223359025923848 
0.00010223359025923848 
4.716697556321572e-05 
0.0002153885514150236 
0.0002153885514150236 
0.0002153885514150236 
0.0002153885514150236 
0.0001978850514885423 
0.0001978850514885423 
0.0001978850514885423 
0.0001849692859336208 
0.0001849692859336208 
0.00014979720284015463 
0.00014979720284015463 
0.00014979720284015463 
0.0001345958004938344 
0.0003 
0.0003 
0.0003 
0.00027730662873474385 
0.00027730662873474385 
0.00027730662873474385 
0.0002623716033487532 
0.0002623716033487532 
0.0002293962308910378 
0.0002293962308910378 
0.0002293962308910378 
0.00017357961272858918 
0.00017357961272858918 
0.00020545497789212813 
0.00020545497789212813 
0.00018925240802110293 
0.00018925240802110293 
0.00018925240802110293 
0.00017410460089611454 
0.00017410460089611454 
0.00017410460089611454 
0.00016133460021112192 
0.00016133460021112192 
0.00016133460021112192 
9.508848838209984e-05 
9.508848838209984e-05 
0.00019466038282313944 
0.00019466038282313944 
0.00019466038282313944 
0.00011620816479476851 
0.00011620816479476851 
0.00011620816479476851 
5.642152806648005e-05 
0.0003 
0.0003 
0.0003 
0.00012493354226383814 
0.00012493354226383814 
0.00013595807606824943 
3.9209632693651116e-05 
3.9209632693651116e-05 
3.9209632693651116e-05 
0.0003 
3.2196115389956773e-05 
3.2196115389956773e-05 
3.2196115389956773e-05 
2.3076343212302702e-05 
2.3076343212302702e-05 
2.3076343212302702e-05 
0.0003 
0.00022155235012002745 
0.00022155235012002745 
0.00022155235012002745 
0.00021548309717064402 
0.00021548309717064402 
0.00021548309717064402 
0.0001701752108955495 
0.0001701752108955495 
0.0001701752108955495 
0.0001436372284169525 
0.0001436372284169525 
8.034728107422249e-05 
8.034728107422249e-05 
6.522076514747618e-05 
6.522076514747618e-05 
5.21418915156574e-05 
0.0003 
0.0003 
0.0003 
0.00025506675145319706 
0.00025506675145319706 
0.00025506675145319706 
0.0002211702551921327 
0.0002211702551921327 
0.0002211702551921327 
0.00021056535873431915 
0.00021056535873431915 
0.0001757313419993468 
0.0001757313419993468 
0.0001757313419993468 
0.00015410002700776308 
0.00015410002700776308 
0.0001451139663520144 
0.0001451139663520144 
0.00011119013269036469 
0.0003 
0.0003 
0.00021350424907178234 
0.00021350424907178234 
0.00021350424907178234 
0.00021350424907178234 
0.00018853817565195742 
0.00018853817565195742 
2.914218111376804e-05 
2.914218111376804e-05 
2.914218111376804e-05 
0.0003 
0.0002484457516246327 
0.0002484457516246327 
0.0002484457516246327 
0.00021813181937278353 
0.00021813181937278353 
0.00021813181937278353 
0.00017895940082724042 
0.00017895940082724042 
0.00017895940082724042 
0.0003 
0.0002097757732953289 
0.0002097757732953289 
0.00019082011736187135 
0.00019082011736187135 
0.0003 
0.0003 
0.0002807663252953384 
0.0002807663252953384 
0.0002807663252953384 
0.0002516923650114686 
0.0002516923650114686 
0.0002516923650114686 
0.0002516923650114686 
0.00016720753591520116 
0.00016720753591520116 
0.00013046271402412086 
0.00013046271402412086 
0.0003 
0.00028686443636090873 
0.00028686443636090873 
0.00016633437157528475 
0.00016633437157528475 
0.00016633437157528475 
9.05134216497022e-05 
9.05134216497022e-05 
9.05134216497022e-05 
0.0003 
0.00025151149391873886 
0.00025151149391873886 
0.00023677367005418544 
0.00023677367005418544 
0.00023677367005418544 
0.000202373421624447 
0.000202373421624447 
0.00028638126648401557 
0.00028638126648401557 
0.00024614309739711955 
0.00024614309739711955 
0.00024614309739711955 
0.00020323208538472291 
0.00020323208538472291 
0.00013381504123413256 
0.00013381504123413256 
0.00013381504123413256 
7.865744289630499e-05 
7.865744289630499e-05 
6.0503038368134245e-05 
0.0003 
0.0003 
0.00020299355996001108 
0.00020299355996001108 
0.00020299355996001108 
0.00017680185636044586 
0.00017680185636044586 
0.00017680185636044586 
0.0003 
0.0002730972001045054 
0.0002730972001045054 
0.0002730972001045054 
0.0002730972001045054 
0.00025212642803268463 
0.00025212642803268463 
0.00025212642803268463 
0.00022340017569179448 
0.00022340017569179448 
0.0001095286558404108 
0.0001095286558404108 
0.0003 
0.0003 
0.0002811863318278258 
0.0002811863318278258 
0.0003 
0.0003 
0.00027946554634988244 
0.00027946554634988244 
0.00027946554634988244 
0.00017211670579999347 
0.0003 
0.0003 
0.00024937408309367627 
0.00024937408309367627 
0.00024937408309367627 
0.0002397800075738126 
0.0002397800075738126 
0.0002397800075738126 
0.00014215405499336324 
0.00014215405499336324 
9.8262275895576e-05 
9.8262275895576e-05 
7.387458869912376e-05 
7.387458869912376e-05 
0.00025407988749174697 
0.00025407988749174697 
0.00020543216807987654 
0.00020543216807987654 
0.00018976060220972786 
0.00018976060220972786 
0.0003 
0.0003 
0.0002916029481656352 
0.0002916029481656352 
0.00010678134173975677 
0.00010678134173975677 
0.00010678134173975677 
5.355690676158753e-05 
5.355690676158753e-05 
0.0002453439614737102 
0.0002453439614737102 
0.00021431173754011483 
0.00021431173754011483 
0.00021431173754011483 
3.829470345233476e-05 
3.829470345233476e-05 
0.0003 
0.0003 
0.0003 
0.0002821880333828494 
0.0002821880333828494 
0.00022720207569157936 
0.00022720207569157936 
0.00022720207569157936 
0.0002116899986767928 
0.0002116899986767928 
0.0002116899986767928 
0.0002116899986767928 
0.00015807683153910634 
0.00015807683153910634 
0.00010054455634255154 
0.0003 
0.0003 
0.0003 
0.0003 
0.00024758412938282706 
0.00024758412938282706 
0.0002167281212935338 
0.0002167281212935338 
0.0002167281212935338 
0.00015460861496310863 
0.00015460861496310863 
0.00015460861496310863 
0.00012586223108091416 
0.00012586223108091416 
0.00012586223108091416 
8.547775485271902e-05 
8.547775485271902e-05 
8.547775485271902e-05 
0.00016318179404818287 
9.85238426777833e-05 
9.85238426777833e-05 
9.85238426777833e-05 
9.85238426777833e-05 
7.168815661114735e-05 
7.168815661114735e-05 
3.061260414930555e-05 
3.061260414930555e-05 
3.061260414930555e-05 
3.061260414930555e-05 
1.5147261338531998e-05 
0.0003 
0.0003 
0.0002691655227996596 
0.0002691655227996596 
0.0002691655227996596 
0.0002178529252701113 
0.0002178529252701113 
0.0003 
0.0003 
0.0002902412676855305 
0.0002902412676855305 
0.0002902412676855305 
0.00024554107711665735 
0.00024554107711665735 
0.00022965301861436536 
0.00022965301861436536 
0.0003 
0.00023883094749261414 
0.00023883094749261414 
0.00023883094749261414 
0.00016460036627934506 
0.00016460036627934506 
7.206273250877879e-05 
7.206273250877879e-05 
7.206273250877879e-05 
9.531873331877465e-05 
6.24631669514146e-05 
6.24631669514146e-05 
6.24631669514146e-05 
0.0003 
0.0001913921137832165 
0.0001913921137832165 
0.0001913921137832165 
0.0001913921137832165 
0.0001913921137832165 
0.0003 
0.00021877243879348958 
0.00021877243879348955 
0.00021877243879348955 
0.00020828851430517044 
0.00020828851430517044 
0.00020828851430517044 
0.0001713043494837159 
0.0001713043494837159 
0.00014264067458751476 
0.0003 
0.0003 
0.0003 
0.00025644284935277264 
0.00025644284935277264 
0.00025644284935277264 
0.00025644284935277264 
0.0002097257459048888 
0.0003 
0.0003 
0.0003 
0.0002213989049404496 
0.0002213989049404496 
1.5392070041158397e-05 
1.5392070041158397e-05 
0.0003 
0.0003 
0.00026599880707377027 
0.00026599880707377027 
0.0003 
0.0003 
0.000196205581580229 
0.000196205581580229 
3.528830578757884e-05 
3.528830578757884e-05 
9.232233699589956e-06 
9.232233699589956e-06 
0.0003 
0.0003 
0.00022820448570800824 
0.00022820448570800824 
0.00022820448570800824 
0.00022820448570800824 
0.00017295211255948819 
0.00017295211255948819 
0.00017295211255948819 
0.0001474744881814045 
0.0001474744881814045 
0.0003 
0.00026929137172056373 
0.00026929137172056373 
0.00026929137172056373 
0.00023449701001681029 
0.00023449701001681029 
0.00023449701001681029 
0.00021540449010854835 
0.00021540449010854835 
0.00021540449010854835 
0.000196163264000904 
0.000196163264000904 
0.00017950982550980326 
0.00017950982550980326 
0.0003 
0.0003 
0.0003 
0.00010866287418111875 
0.00010866287418111875 
0.00010866287418111875 
9.979378464137946e-05 
9.979378464137946e-05 
4.257214097612293e-05 
4.257214097612293e-05 
2.849068034788191e-05 
2.849068034788191e-05 
2.849068034788191e-05 
0.0003 
0.00020488528915389636 
0.00020488528915389636 
0.00012186586267865755 
0.00012186586267865755 
0.00010196131851142512 
0.0003 
0.0003 
0.0003 
0.0002799077732848079 
0.0002799077732848079 
0.00024169373157281837 
0.00024169373157281837 
0.00024169373157281837 
0.00016203942165001064 
0.0002717511193387354 
0.00011760771727845838 
0.00011760771727845838 
0.0003 
0.0003 
0.0002906752748873005 
0.0002906752748873005 
0.0002906752748873005 
0.00022487513546378185 
0.00022487513546378185 
0.00022487513546378185 
4.562698042647186e-05 
4.562698042647186e-05 
0.00019596137964921802 
0.000195961379649218 
7.545769356102451e-05 
7.545769356102451e-05 
7.545769356102451e-05 
7.545769356102451e-05 
0.0003 
5.673787420978221e-05 
5.673787420978221e-05 
5.673787420978221e-05 
1.9651305810495862e-05 
1.9651305810495862e-05 
1.9651305810495862e-05 
4.720779802220295e-06 
4.720779802220295e-06 
4.720779802220295e-06 
4.720779802220295e-06 
4.720779802220295e-06 
0.00014194975004580877 
0.00010422692210809289 
0.00010422692210809289 
0.00010422692210809289 
9.222244202110591e-05 
9.222244202110591e-05 
7.164818199740546e-05 
7.164818199740546e-05 
0.0003 
0.0003 
0.00016873921816879965 
0.00016873921816879965 
0.00016873921816879965 
4.413282585179104e-05 
4.413282585179104e-05 
2.55282046655529e-05 
2.55282046655529e-05 
2.55282046655529e-05 
1.9767790112581355e-06 
1.9767790112581355e-06 
0.0003 
0.00027051728611388943 
0.00027051728611388943 
0.0003 
0.0003 
0.00026938021850955144 
0.00026938021850955144 
0.00026938021850955144 
0.00022003723540718322 
0.00022003723540718324 
0.00022003723540718324 
0.00022003723540718324 
0.00012587856741923421 
0.00012587856741923421 
0.00012587856741923421 
8.669009293964331e-05 
0.0003 
0.0003 
0.0003 
0.0002732184519282082 
0.0003 
0.0003 
0.0003 
0.00028190028349332487 
0.00028190028349332487 
0.000271331978126406 
0.000271331978126406 
0.000271331978126406 
0.0002248757732515423 
0.0003 
0.0003 
0.0003 
0.0002248760515348016 
0.0002248760515348016 
0.0002248760515348016 
0.0001773238433427877 
0.0001773238433427877 
0.0001773238433427877 
0.00015128622858859859 
0.00015128622858859859 
0.00015128622858859859 
0.00011964109300632012 
0.00011964109300632012 
8.10598686878921e-05 
8.10598686878921e-05 
6.449613691591086e-05 
6.449613691591086e-05 
6.449613691591086e-05 
6.449613691591086e-05 
9.253295648592872e-05 
9.253295648592872e-05 
1.702315669575513e-07 
1.702315669575513e-07 
0.0003 
0.0003 
0.0002622688100739167 
0.0002622688100739167 
4.047948184174546e-05 
0.0003 
0.0003 
0.0003 
0.0002829732773734093 
0.0002829732773734093 
0.0002829732773734093 
0.00021912246223487557 
0.00021912246223487557 
0.00021912246223487557 
7.020945439577036e-05 
7.020945439577036e-05 
7.020945439577036e-05 
5.457961717342949e-05 
0.0003 
0.0003 
0.0003 
0.0003 
0.00027552580514417154 
0.00027552580514417154 
0.0002586054284229533 
0.0002586054284229533 
0.00020163401934326325 
0.00020163401934326325 
0.00018024398451798 
0.00018024398451798 
0.00018024398451798 
0.00014400500944133064 
0.00014400500944133064 
0.0003 
0.0003 
0.00019509497957940195 
0.00019509497957940195 
0.0001397311566507095 
0.0003 
0.0003 
0.0003 
5.764385808572958e-05 
5.764385808572958e-05 
0.0003 
0.0003 
0.00024814047201614936 
0.00024814047201614936 
0.00024814047201614936 
0.0002185313696539584 
0.0002185313696539584 
0.0002185313696539584 
0.00017032740519597777 
0.00017032740519597777 
0.00014730966851266266 
0.00014730966851266266 
0.00012565184529955117 
0.0003 
0.0003 
0.0003 
0.00026243802316584477 
0.00026243802316584477 
0.00026243802316584477 
0.00026243802316584477 
0.0002487677887958119 
0.0002487677887958119 
0.0001688539204936946 
0.0001688539204936946 
0.0001688539204936946 
4.2342992434678636e-05 
4.2342992434678636e-05 
4.2342992434678636e-05 
4.2342992434678636e-05 
1.2251440792822048e-05 
1.2251440792822048e-05 
0.0003 
0.0003 
0.00026116433521815785 
0.00026116433521815785 
0.00026116433521815785 
0.00022757845470287587 
0.00022757845470287587 
0.00022757845470287587 
0.0001354595865566587 
0.0001354595865566587 
0.00011778220901505714 
0.00011778220901505714 
8.865224506570325e-05 
8.865224506570325e-05 
0.0003 
0.0003 
0.00028204344727377693 
0.00028204344727377693 
0.00019746350360233734 
0.00019746350360233734 
0.0001700452705909332 
0.0001700452705909332 
0.0001700452705909332 
0.00015674318185958833 
0.00015674318185958833 
0.00014064034304610252 
0.00014064034304610252 
0.00011834837989961795 
0.0002289402347836314 
0.0002289402347836314 
0.0002289402347836314 
0.00018922791816105972 
0.00018922791816105972 
0.00018922791816105972 
0.0001535347115478174 
0.0001535347115478174 
0.0001535347115478174 
1.2675845500191693e-05 
1.2675845500191693e-05 
8.489286266783637e-06 
8.489286266783637e-06 
8.489286266783637e-06 
6.562092230377953e-07 
6.562092230377953e-07 
0.0003 
0.0002799414554820244 
0.0003 
0.0003 
0.0003 
0.00025854717489548674 
0.00025854717489548674 
0.00025854717489548674 
0.00023906127849968113 
0.00023906127849968113 
0.00023906127849968113 
0.00020122081479716672 
0.00020122081479716672 
0.00020122081479716672 
0.00018288449530575425 
0.00018288449530575425 
0.00018288449530575425 
0.00014761891794589326 
0.0003 
0.0003 
0.0003 
0.0002528245320362239 
0.0002528245320362239 
0.0002528245320362239 
0.00023765119759385612 
0.00023765119759385612 
0.00023765119759385612 
0.00020005646261417144 
0.0003 
0.0003 
0.0003 
0.00026192308523164586 
0.00026192308523164586 
0.00012802310860532152 
0.00012802310860532152 
8.413697819052479e-05 
8.413697819052479e-05 
5.8916574806100595e-05 
5.8916574806100595e-05 
0.0003 
0.00028613903701183276 
0.00028613903701183276 
0.0002732979878867757 
0.0002732979878867757 
0.00012509651882240398 
0.00012509651882240398 
5.832498529641826e-05 
6.385803745295634e-05 
6.385803745295634e-05 
6.385803745295634e-05 
1.5503345839233814e-05 
1.5503345839233814e-05 
1.5503345839233814e-05 
1.5503345839233814e-05 
1.5503345839233814e-05 
1.5503345839233814e-05 
6.389055394840943e-05 
6.389055394840943e-05 
4.4749364588546746e-05 
4.4749364588546746e-05 
4.4749364588546746e-05 
4.4749364588546746e-05 
4.4749364588546746e-05 
0.0003 
0.00026539130560572326 
0.00026539130560572326 
0.00026539130560572326 
0.00016723763389849504 
0.00016723763389849504 
4.567329089417593e-05 
4.567329089417593e-05 
4.567329089417593e-05 
2.111303121329641e-05 
2.111303121329641e-05 
6.6660199063485475e-06 
6.6660199063485475e-06 
0.0003 
0.0003 
0.0002771524953258996 
0.0002771524953258996 
0.00025250843682375737 
0.0002525084368237574 
0.0002525084368237574 
0.00022245141667756103 
0.00022245141667756103 
0.00020698849275919615 
0.00020698849275919615 
0.0001901558387924967 
0.0001901558387924967 
9.471426514693365e-05 
9.471426514693365e-05 
5.931245963831553e-05 
5.931245963831553e-05 
4.297401456742464e-05 
4.297401456742464e-05 
3.1283946283969916e-06 
0.0003 
0.0003 
0.00022823694442256217 
0.00022823694442256217 
0.00022823694442256217 
0.00021736396227851952 
0.0003 
0.0003 
0.0001543200474990312 
0.0001543200474990312 
3.4281370137656045e-05 
3.4281370137656045e-05 
2.1936553898422545e-05 
2.1936553898422545e-05 
2.1936553898422545e-05 
0.0003 
8.295906934129989e-05 
8.295906934129989e-05 
8.295906934129989e-05 
6.663057094575571e-05 
6.663057094575571e-05 
0.0002182768835789866 
0.00014849395454804722 
0.0001484939545480472 
0.0003 
0.0002833811074000921 
0.0002833811074000921 
0.0003 
0.0003 
0.0003 
0.0003 
0.0002778345721304949 
0.0002778345721304949 
0.000194764020009787 
0.000194764020009787 
0.000194764020009787 
0.00018247468280969517 
0.00018247468280969517 
0.0001471152088191294 
0.0003 
0.0003 
0.0003 
0.00023596595326633006 
0.00023596595326633006 
0.00023596595326633006 
0.00022019092748206385 
0.00022019092748206385 
0.00022019092748206385 
0.0003 
0.0002904728606659626 
0.0002904728606659626 
0.0002904728606659626 
7.632426584915338e-05 
7.632426584915338e-05 
5.47857294133943e-05 
5.47857294133943e-05 
0.0003 
0.0003 
0.0002735927146205611 
0.0002735927146205611 
0.0002735927146205611 
0.0002735927146205611 
0.00020261181070003906 
0.00020261181070003906 
0.0001606903113516093 
0.0001606903113516093 
9.740016079428133e-05 
9.740016079428133e-05 
4.2687908425487326e-05 
4.2687908425487326e-05 
0.0003 
0.0003 
0.00025146972146662786 
0.0002514697214666279 
0.00024189047658266616 
0.00024189047658266616 
0.0001816512189586255 
0.0001816512189586255 
9.762878460951564e-05 
9.762878460951564e-05 
6.897523981642812e-05 
6.897523981642812e-05 
0.0003 
0.0002146934731408742 
0.0002146934731408742 
0.0002146934731408742 
0.00014451222482762035 
0.00014451222482762035 
0.00014451222482762035 
0.00012483325609312666 
0.00012483325609312666 
0.00012483325609312666 
0.00012483325609312666 
7.567532540308341e-05 
7.56753254030834e-05 
3.2683303011933618e-06 
3.2683303011933618e-06 
0.00025538255131577034 
0.000166968622429591 
0.000166968622429591 
0.000166968622429591 
0.00010881811851342013 
0.00010881811851342013 
7.75833626433846e-05 
7.75833626433846e-05 
6.396763851962807e-05 
6.396763851962807e-05 
3.729722312863355e-05 
3.729722312863355e-05 
3.729722312863355e-05 
2.6251260980792868e-05 
2.6251260980792868e-05 
0.0003 
0.0003 
0.00011324349760313091 
0.00011324349760313091 
0.0003 
0.0003 
0.0002723860303414863 
0.0002723860303414863 
0.00024262128407320595 
0.00029652403191804416 
0.00029652403191804416 
0.00026393318136899664 
0.00026393318136899664 
0.00021250829866424482 
0.00021250829866424482 
0.00018945547022809032 
0.00018945547022809032 
0.0003 
0.0003 
0.000286863448145295 
0.000286863448145295 
0.0002762491534179918 
0.0003 
0.0003 
0.0003 
0.00029146238981864273 
0.00029146238981864273 
0.00029146238981864273 
0.00020380549375904265 
0.00020380549375904265 
0.00020380549375904265 
0.0001904515296889822 
0.0001904515296889822 
0.00013816966275339752 
0.00013816966275339752 
9.564034999125527e-05 
9.564034999125527e-05 
0.0003 
0.00027615882415125823 
0.00027615882415125823 
0.00027615882415125823 
0.00024532934854571575 
0.0003 
0.0003 
0.0002787916422954037 
0.0003 
0.0003 
0.00017702451923222017 
0.00017702451923222017 
0.00017702451923222017 
9.268322740818662e-05 
9.268322740818662e-05 
6.416702389545086e-05 
6.416702389545086e-05 
3.750440889678458e-05 
3.750440889678458e-05 
0.0003 
0.00024677519456579514 
0.00024677519456579514 
0.00024677519456579514 
0.00022830895254975306 
0.00022830895254975306 
0.00020878294986798222 
0.00020878294986798222 
5.373230107667517e-05 
0.0003 
0.0003 
0.0003 
0.0003 
0.0002604717994734881 
0.0002604717994734881 
0.0002604717994734881 
0.00016677202102126568 
0.00016677202102126568 
0.00016677202102126568 
0.00016677202102126568 
0.00014770511115654267 
0.00014770511115654267 
0.0001127771551516866 
0.0001127771551516866 
6.058833896042222e-05 
6.058833896042222e-05 
6.058833896042222e-05 
4.089726613969794e-05 
4.089726613969794e-05 
2.2223303512749422e-05 
2.2223303512749422e-05 
0.0003 
0.00026040053220479276 
0.00026040053220479276 
0.00026040053220479276 
0.00024009105043388418 
0.00024009105043388418 
0.00021216850435859384 
0.00021216850435859384 
0.0001953300236205541 
0.00020557905951526588 
0.00020557905951526588 
0.00020557905951526588 
0.00014668357414463216 
0.00014668357414463216 
0.00014668357414463216 
5.4805599933951775e-05 
5.4805599933951775e-05 
5.4805599933951775e-05 
1.2453177577353752e-05 
0.0003 
0.0003 
0.00028899290443736426 
0.0003 
0.0003 
0.00028125116379176194 
0.00028125116379176194 
0.00026190317108229434 
0.00026190317108229434 
0.00024280682765814211 
0.00024280682765814211 
0.00019056010899875663 
0.00019056010899875663 
0.00011189628020908811 
0.00011189628020908811 
0.00010113588024669086 
0.00010807309369729795 
0.00010807309369729795 
0.00010807309369729795 
0.00010807309369729795 
9.50351847050555e-05 
9.50351847050555e-05 
6.535807375883439e-06 
6.535807375883438e-06 
0.0003 
0.0003 
0.00029264495174891877 
0.00029264495174891877 
0.0003 
0.0003 
0.00026139376444969496 
0.00026139376444969496 
0.00026139376444969496 
0.00023194831318674137 
0.00023194831318674137 
0.00021109368141806833 
0.00021109368141806833 
0.00021109368141806833 
0.0001824682038680359 
0.0001824682038680359 
0.00017212458652283083 
0.00017212458652283083 
0.00017212458652283083 
0.00016303359041791476 
0.00016303359041791476 
0.00016303359041791476 
0.00016303359041791476 
0.00015103417219284205 
0.00015103417219284205 
3.321072955184408e-05 
0.0003 
0.0003 
0.0003 
0.0002638570364820983 
0.0002638570364820983 
0.00025498912606587053 
0.00025498912606587053 
0.00025498912606587053 
0.00020515904328548393 
0.00020515904328548393 
0.0003 
0.00028596803378681763 
0.00028596803378681763 
0.00028596803378681763 
0.0002201037281776076 
0.0002201037281776076 
0.00019940088878680595 
0.00019940088878680595 
0.00018856336633132301 
0.00018856336633132301 
0.00016472928865085326 
0.00016472928865085326 
0.00014830850485882043 
0.00014830850485882043 
0.00014022378150257587 
0.00014022378150257587 
0.00011580771253395434 
0.00011580771253395434 
6.110699736559816e-05 
6.110699736559816e-05 
0.0003 
0.0003 
0.000280668358224546 
0.000280668358224546 
0.000280668358224546 
6.232928939550907e-05 
6.232928939550907e-05 
6.232928939550907e-05 
0.0003 
0.0002365734346206554 
0.0002365734346206554 
0.00020734042078874782 
0.00020734042078874782 
0.00020734042078874782 
0.0003 
0.00027029506716298414 
0.00027029506716298414 
0.00027029506716298414 
0.00023868930374649485 
0.00023868930374649485 
0.00023868930374649485 
0.00012402470421445902 
0.00012402470421445902 
0.00012402470421445902 
9.493094529179516e-05 
9.493094529179516e-05 
6.730943490389903e-05 
6.730943490389903e-05 
5.7588379713507414e-05 
5.7588379713507414e-05 
3.7996048088971546e-05 
3.7996048088971546e-05 
0.0003 
0.0003 
0.00028290934544766106 
0.00028290934544766106 
0.0003 
0.00026804909587319845 
0.00026804909587319845 
0.00014431005628943872 
0.0003 
0.0003 
0.0003 
0.00027362965631740044 
0.00027362965631740044 
0.00027362965631740044 
0.00024465946300856014 
0.0003 
0.0003 
0.0003 
0.00017021331924655018 
0.00017021331924655018 
0.00017021331924655018 
0.0001500077987607096 
0.0001500077987607096 
0.0001590711465881986 
0.00014465265926713944 
0.00014465265926713944 
0.00014465265926713944 
0.00013316750198376516 
0.00013316750198376516 
0.00013316750198376516 
0.00010810886452149832 
0.00010810886452149832 
2.896214184040628e-05 
2.896214184040628e-05 
0.0003 
0.0003 
0.0002879934923684299 
0.0003 
0.0003 
0.0003 
0.000253321266510615 
0.000253321266510615 
0.0001257065492439482 
0.0001257065492439482 
0.0001257065492439482 
2.6232300352812936e-05 
2.6232300352812936e-05 
0.0003 
0.0003 
0.0002724550686338919 
0.0002724550686338919 
0.0002724550686338919 
0.00019116631930890426 
0.00019116631930890426 
0.00019116631930890426 
0.00019116631930890426 
7.784334093700643e-05 
7.784334093700643e-05 
6.385588924308716e-05 
6.385588924308716e-05 
1.977507552192688e-05 
0.0003 
0.0003 
0.0003 
0.0002118368267368416 
0.0002118368267368416 
0.0002118368267368416 
0.0001700435627439967 
0.0001700435627439967 
0.0001700435627439967 
0.0001700435627439967 
0.00010240993492686253 
0.00010240993492686253 
8.532029515364407e-05 
8.532029515364407e-05 
6.526374498605345e-05 
6.526374498605345e-05 
3.588648877914794e-05 
0.0003 
0.0003 
0.00026620608181455384 
0.00026620608181455384 
0.00026620608181455384 
0.00026620608181455384 
0.00019650506492893856 
0.00019650506492893853 
0.0003 
0.0003 
0.00016235156388210228 
0.00016235156388210228 
0.00015265243811942803 
0.00015265243811942803 
8.91876904974346e-05 
8.91876904974346e-05 
8.91876904974346e-05 
7.2075585395949e-05 
7.2075585395949e-05 
7.481092383108543e-05 
7.481092383108543e-05 
3.677673782058929e-05 
3.677673782058929e-05 
3.677673782058929e-05 
2.6428705395287542e-05 
2.6428705395287542e-05 
0.00017155394853536995 
0.00017155394853536995 
0.0001465810259464451 
0.0001465810259464451 
4.16906177442376e-05 
4.16906177442376e-05 
4.16906177442376e-05 
1.9292928352617694e-05 
1.9292928352617694e-05 
0.0003 
0.0003 
0.0002900200695622598 
0.0002900200695622598 
0.0002900200695622598 
0.00024372344226787266 
0.00024372344226787266 
0.00020531947812197724 
0.0003 
0.0003 
0.00024509134909253224 
0.00024509134909253224 
0.00020266916739464843 
0.00020266916739464843 
0.00020266916739464843 
0.00017971086669872592 
0.00017971086669872592 
0.00017971086669872592 
1.974383887243578e-05 
1.974383887243578e-05 
1.974383887243578e-05 
1.8200997153390161e-06 
0.0003 
0.0003 
0.0002548645570544246 
0.0002548645570544246 
0.0002548645570544246 
0.00013069441258422904 
0.00013069441258422904 
0.00010761268238711064 
0.00010761268238711064 
1.7385087134778556e-05 
1.7385087134778556e-05 
0.0003 
0.0003 
0.00022387472022901149 
0.00022387472022901149 
0.00019832242589898317 
0.00019832242589898317 
0.0001667366913641737 
0.0001667366913641737 
0.00013701393714013615 
0.00013701393714013615 
7.323996421490096e-05 
7.323996421490096e-05 
3.7153795177811484e-06 
0.0003 
0.0003 
0.0003 
0.0002755755293674499 
0.0002755755293674499 
0.0002755755293674499 
0.00024040977619326116 
0.00024040977619326114 
0.00018353733585091351 
0.00018353733585091351 
0.00018353733585091351 
0.00017279822905915003 
0.00017279822905915003 
0.00016264205552676524 
0.00016264205552676524 
0.0001502074064686466 
0.0001502074064686466 
0.0001502074064686466 
0.00011404349439906968 
0.00011404349439906968 
0.00023300608838792866 
0.000218539290403904 
0.000218539290403904 
0.00018452284344611442 
0.00018452284344611442 
0.00016029653345512706 
0.00016029653345512706 
0.00016029653345512706 
0.0001463129832946771 
0.0001463129832946771 
0.0001463129832946771 
0.00012181238030967507 
0.00012181238030967507 
0.00012181238030967507 
0.00021435859718631559 
0.00010740486425676528 
0.00010740486425676528 
7.876184432324115e-05 
7.876184432324115e-05 
0.0003 
0.0003 
0.0001884072596677793 
0.0001884072596677793 
0.0001884072596677793 
0.0001275125654368046 
0.0001275125654368046 
0.00020187757950178406 
0.00020187757950178406 
0.00020187757950178406 
0.00018748422580486411 
0.00018748422580486411 
0.00018748422580486411 
5.333238285448199e-05 
5.333238285448199e-05 
5.333238285448199e-05 
4.659626726985329e-05 
0.0003 
0.0003 
0.0003 
0.0002831466659527087 
0.0002831466659527087 
0.0002831466659527087 
0.00027316868214202436 
0.00027316868214202436 
5.958641144529611e-05 
0.0003 
0.0003 
0.0003 
0.0003 
0.0002573868826549403 
0.0002573868826549403 
0.00024298998912901978 
0.00024298998912901978 
0.00024298998912901978 
0.00019546055476414348 
0.00019546055476414348 
0.00019546055476414348 
0.00011702040404139426 
0.00011702040404139426 
0.00011702040404139426 
9.319697782421616e-05 
9.319697782421616e-05 
6.99883391704031e-05 
6.99883391704031e-05 
5.216729872197022e-06 
5.216729872197022e-06 
4.2336981199256525e-05 
4.2336981199256525e-05 
1.8622020305349784e-05 
1.8622020305349784e-05 
1.8622020305349784e-05 
1.8622020305349784e-05 
0.0003 
0.00022010237817321826 
0.00022010237817321826 
0.00022010237817321826 
0.00010721232891577132 
0.00010721232891577132 
0.00010721232891577132 
0.00010721232891577132 
4.148341243248565e-05 
4.148341243248565e-05 
0.0003 
0.00024090327173879075 
0.00024090327173879075 
0.00024090327173879075 
0.0003 
0.00028129266670286836 
0.00028129266670286836 
0.00028129266670286836 
0.00013127090683531009 
0.00013127090683531009 
0.00013127090683531009 
7.389227763044622e-05 
7.389227763044622e-05 
0.0003 
0.0003 
0.00028920180349380654 
0.00028920180349380654 
0.00028920180349380654 
0.00025377706768497216 
0.00025377706768497216 
0.00025377706768497216 
0.00017550403154008092 
0.00017550403154008092 
0.00017550403154008092 
0.00014900501013569498 
0.00014900501013569498 
2.59068232986712e-05 
2.59068232986712e-05 
0.0002125993183935515 
0.0002125993183935515 
0.0003 
0.00027530065076352713 
0.00027530065076352713 
0.00027530065076352713 
0.0002692531260614799 
0.0002692531260614799 
0.0002692531260614799 
7.890073975821071e-05 
7.890073975821071e-05 
7.890073975821071e-05 
7.073673091528257e-05 
7.073673091528257e-05 
3.800146292719116e-05 
0.0003 
0.0003 
0.0003 
0.000286152174684076 
0.000286152174684076 
0.0002190301858508054 
0.0002190301858508054 
0.0002190301858508054 
0.00013050791701835077 
0.00013050791701835077 
4.3480546927662865e-05 
0.00014606528741758254 
0.00014606528741758254 
0.00014606528741758254 
0.00011382853190217158 
0.00011382853190217158 
0.00011382853190217158 
8.941746945765255e-05 
8.941746945765255e-05 
8.941746945765255e-05 
5.104980167932359e-05 
5.104980167932359e-05 
0.0003 
0.0003 
0.00021833766580957976 
0.00021833766580957976 
9.762374404265054e-05 
0.0003 
0.0003 
0.0003 
0.0003 
0.00025326376663053796 
0.00025326376663053796 
0.00025326376663053796 
9.701848764183659e-05 
0.00013419342503240926 
0.00013419342503240926 
0.00013419342503240926 
0.00013419342503240926 
0.00011292187018381925 
0.00011292187018381925 
0.00011292187018381925 
3.312253515105696e-05 
3.312253515105696e-05 
3.312253515105696e-05 
3.312253515105696e-05 
0.0003 
0.00017541339769150543 
0.00017541339769150543 
0.00017541339769150543 
0.0003 
0.00027769968438101227 
0.00027769968438101227 
0.00027769968438101227 
0.00025902184946251396 
0.00025902184946251396 
0.00021711479863881466 
0.00021711479863881466 
0.00021711479863881466 
0.0001789518476614336 
0.0001789518476614336 
0.0001789518476614336 
0.00012226678097660413 
0.0002732554014612074 
0.0002732554014612074 
0.0002508579940308351 
0.0002508579940308351 
0.0002508579940308351 
0.00015653857406344268 
0.00015653857406344268 
0.0003 
0.00020547406961099658 
0.00020547406961099658 
0.0003 
0.0003 
3.608483161960546e-05 
3.608483161960546e-05 
2.6235020346590354e-05 
2.6235020346590354e-05 
0.0003 
0.0003 
0.0003 
0.0002836747792195356 
0.0002836747792195356 
0.00023667867579795735 
0.00023667867579795735 
0.00023667867579795735 
0.00021962168127494968 
0.00021962168127494968 
0.0003 
0.0003 
0.0003 
0.00019254877251750365 
0.00019254877251750365 
0.00019254877251750365 
0.00010699968972961738 
0.00010699968972961738 
0.00010699968972961738 
7.371507778767566e-05 
7.371507778767566e-05 
5.340293875108754e-05 
5.340293875108754e-05 
7.795670729663571e-08 
0.0003 
0.0003 
0.0003 
0.00022371991480764727 
0.00022371991480764727 
0.00022371991480764727 
0.0003 
0.00010964487664955833 
0.00010964487664955833 
0.00010964487664955833 
9.230973434108294e-05 
9.230973434108292e-05 
5.2712784452164115e-05 
5.2712784452164115e-05 
5.2712784452164115e-05 
4.25612806205283e-05 
4.25612806205283e-05 
3.959036486456882e-06 
0.00020318226871171623 
0.00020318226871171623 
0.00020318226871171623 
0.00017280372620626116 
0.00017280372620626116 
0.0001398668605666965 
0.0001398668605666965 
0.0001398668605666965 
4.411277843767948e-05 
0.0003 
0.0003 
0.0003 
0.00027282665465679686 
0.00027282665465679686 
0.00011365671606577952 
0.00011365671606577952 
0.00011365671606577952 
0.00014922225967470103 
2.951976079842052e-05 
2.951976079842052e-05 
2.951976079842052e-05 
1.543797830273449e-05 
1.543797830273449e-05 
1.543797830273449e-05 
0.0003 
0.00024265875906924751 
0.00024265875906924751 
0.00024265875906924751 
0.00019874146036887673 
0.00019874146036887673 
0.00019874146036887673 
0.00018565910157106188 
0.00018565910157106188 
0.0003 
0.0003 
0.00025436225868701403 
0.00025436225868701403 
0.00025436225868701403 
0.00019607392966901354 
0.00019607392966901354 
0.00019607392966901354 
8.771147470771942e-05 
8.771147470771942e-05 
3.531675998526618e-05 
3.531675998526618e-05 
3.531675998526618e-05 
1.3083387373961257e-05 
0.0003 
0.0003 
0.0003 
2.4696233179443577e-05 
2.4696233179443577e-05 
2.4696233179443577e-05 
8.962363022956446e-06 
8.962363022956446e-06 
0.0003 
0.0003 
0.00026916467744848084 
0.00026916467744848084 
0.00026916467744848084 
0.00018740564669116034 
0.00018740564669116034 
0.00018740564669116034 
0.00018740564669116034 
0.0003 
3.582828892818461e-05 
3.582828892818461e-05 
3.582828892818461e-05 
2.230602636047759e-05 
2.230602636047759e-05 
1.3416035969181189e-05 
1.3416035969181189e-05 
6.54095625160344e-05 
6.54095625160344e-05 
1.0450467239463567e-05 
1.0450467239463567e-05 
0.0003 
0.0003 
0.0002489464189411105 
0.0002489464189411105 
0.0002489464189411105 
5.7810440886214734e-05 
5.7810440886214734e-05 
3.422674507084261e-05 
3.422674507084261e-05 
2.262327145791683e-05 
2.262327145791683e-05 
0.00018662915576472594 
0.00018662915576472594 
0.00017145641530164448 
0.00017145641530164448 
0.00015881006312645703 
0.00015881006312645703 
0.00013773962193963272 
0.00013773962193963272 
8.940648464804284e-05 
8.940648464804284e-05 
5.8778869011167786e-05 
5.8778869011167786e-05 
0.0003 
0.0003 
0.00026320159585247247 
0.00026320159585247247 
0.00026320159585247247 
0.0001787889277239812 
0.0001787889277239812 
0.0001449639598611038 
