0.00026617214821184434 
0.00026617214821184434 
0.00026617214821184434 
0.00026617214821184434 
5.425606346715149e-05 
5.425606346715149e-05 
5.425606346715149e-05 
5.425606346715149e-05 
0.0002433859721428623 
0.0001720521453773341 
0.0001720521453773341 
0.0001720521453773341 
6.713085545465419e-05 
6.713085545465419e-05 
6.713085545465419e-05 
6.713085545465419e-05 
5.661192581763225e-06 
5.661192581763225e-06 
5.661192581763225e-06 
5.661192581763225e-06 
5.661192581763225e-06 
5.661192581763225e-06 
5.661192581763225e-06 
5.661192581763225e-06 
5.661192581763225e-06 
9.724925071835541e-05 
9.724925071835541e-05 
9.724925071835541e-05 
9.724925071835541e-05 
9.724925071835541e-05 
7.215863679551944e-05 
7.215863679551944e-05 
7.215863679551944e-05 
0.0003 
0.00010978004977039806 
0.00010978004977039806 
0.00010978004977039806 
0.00010978004977039806 
2.329250767783672e-05 
2.329250767783672e-05 
2.329250767783672e-05 
2.329250767783672e-05 
0.0003 
0.0003 
0.0003 
0.00023330903739617048 
0.00023330903739617048 
0.00023330903739617048 
0.00019547974733490197 
0.00019547974733490197 
0.00019547974733490197 
0.00016093103906112086 
0.00016093103906112086 
0.00016093103906112086 
6.680741936117205e-05 
6.680741936117205e-05 
6.680741936117205e-05 
6.680741936117205e-05 
0.000167812532394867 
0.000167812532394867 
8.683626964756007e-05 
8.683626964756007e-05 
2.1792766007711645e-05 
2.1792766007711645e-05 
2.1792766007711645e-05 
2.1792766007711645e-05 
0.0003 
0.0003 
0.00024277572720930084 
0.00024277572720930084 
0.00024277572720930084 
0.00024277572720930084 
1.7598532147478633e-05 
1.7598532147478633e-05 
0.00017742779528419017 
0.00017742779528419017 
0.00010662655017086592 
0.00010662655017086592 
0.00010662655017086592 
0.00010662655017086592 
0.00010662655017086592 
0.00010662655017086592 
0.00010662655017086592 
0.00010662655017086592 
4.72000685819767e-05 
4.72000685819767e-05 
4.72000685819767e-05 
1.916948575759898e-05 
1.916948575759898e-05 
1.916948575759898e-05 
1.916948575759898e-05 
9.279294118880261e-05 
1.646106436721092e-05 
1.646106436721092e-05 
1.646106436721092e-05 
1.646106436721092e-05 
1.646106436721092e-05 
1.646106436721092e-05 
0.0003 
0.00021476610468438884 
0.00021476610468438884 
0.00021476610468438884 
0.00021476610468438884 
0.00016830108445488296 
0.00016830108445488296 
0.0003 
0.0003 
0.0002545694735358706 
0.0002545694735358706 
0.0002545694735358706 
5.7369235543169536e-05 
5.7369235543169536e-05 
5.7369235543169536e-05 
5.7369235543169536e-05 
5.7369235543169536e-05 
5.7369235543169536e-05 
1.5893669809563268e-05 
1.5893669809563268e-05 
0.0003 
0.0003 
0.0002668972933293068 
0.0002668972933293068 
0.0003 
0.0003 
0.00025423486745800906 
0.00025423486745800906 
0.0003 
0.0003 
0.00018528694522788208 
0.00018528694522788208 
0.00018528694522788208 
8.834471594424996e-05 
8.834471594424996e-05 
8.834471594424996e-05 
0.0001706565031819373 
6.532297033886316e-05 
6.532297033886316e-05 
6.532297033886316e-05 
6.532297033886316e-05 
1.0575934786998865e-06 
1.0575934786998865e-06 
1.0575934786998865e-06 
1.0575934786998865e-06 
2.8297453119057988e-05 
1.0197224770411194e-05 
1.0197224770411194e-05 
1.0197224770411194e-05 
0.0003 
0.0003 
5.282377475373075e-05 
0.0001514996268614242 
0.0001514996268614242 
0.00011218766001516202 
0.00011218766001516202 
0.00011218766001516202 
0.00011218766001516202 
0.00011218766001516202 
0.0003 
0.0002816355939641632 
0.0002816355939641632 
0.0002816355939641632 
0.0003 
0.0002532372380669557 
0.0002532372380669557 
0.0002532372380669557 
0.00022972588495947187 
0.00022972588495947187 
0.00022972588495947187 
0.00018103466265935702 
0.00018103466265935702 
0.00018103466265935702 
4.8404744821677905e-05 
4.8404744821677905e-05 
4.8404744821677905e-05 
4.8404744821677905e-05 
0.0003 
0.0002260283004303907 
0.0002260283004303907 
0.0002260283004303907 
0.00015774618501451651 
0.00015774618501451651 
0.00015774618501451651 
0.00015774618501451651 
0.00016048488771351456 
0.00016048488771351456 
0.00016048488771351456 
0.0003 
8.139156149728188e-05 
8.139156149728188e-05 
8.139156149728188e-05 
8.139156149728188e-05 
8.139156149728188e-05 
0.0003 
0.0003 
0.0001627503286005998 
0.0001627503286005998 
0.0001627503286005998 
0.00012627629218093806 
0.00012627629218093806 
0.0001825414575921931 
0.0001825414575921931 
0.00013775255116619178 
0.00013775255116619178 
0.00013775255116619178 
9.320453912402323e-05 
9.320453912402323e-05 
9.320453912402323e-05 
9.320453912402323e-05 
0.00011544232841389262 
1.5119812080620904e-05 
1.5119812080620904e-05 
1.5119812080620904e-05 
1.5119812080620904e-05 
1.5119812080620904e-05 
1.5119812080620904e-05 
1.5119812080620904e-05 
1.5119812080620904e-05 
1.5119812080620904e-05 
0.00013337168018853442 
5.428238552985264e-05 
5.428238552985264e-05 
5.428238552985264e-05 
5.428238552985264e-05 
2.1040629508805884e-05 
2.1040629508805884e-05 
0.00014566996755328978 
0.00014566996755328978 
0.00010834611067647861 
0.00010834611067647861 
0.00010834611067647861 
5.18641372946636e-05 
5.18641372946636e-05 
5.18641372946636e-05 
5.18641372946636e-05 
0.00011969178460676343 
0.00011969178460676343 
6.36182274479696e-05 
6.36182274479696e-05 
6.36182274479696e-05 
6.36182274479696e-05 
6.36182274479696e-05 
6.36182274479696e-05 
6.36182274479696e-05 
6.36182274479696e-05 
4.611497175616539e-05 
0.0002654369835989965 
0.0002654369835989965 
0.0002654369835989965 
0.00013398145587778588 
0.00013398145587778588 
0.00013398145587778588 
0.00013398145587778588 
7.932066185199809e-06 
7.932066185199809e-06 
7.932066185199809e-06 
0.0003 
0.00010067519689907636 
0.00010067519689907636 
0.00010067519689907636 
0.00010067519689907636 
5.181967103347998e-05 
5.181967103347998e-05 
0.0003 
0.0003 
0.0002656589269437886 
0.0002656589269437886 
0.0003 
0.0003 
4.324510116274964e-05 
4.324510116274964e-05 
4.324510116274964e-05 
4.324510116274964e-05 
4.324510116274964e-05 
4.953584259347618e-05 
4.953584259347618e-05 
4.953584259347618e-05 
2.5758837661659454e-05 
2.5758837661659454e-05 
2.5758837661659454e-05 
2.5758837661659454e-05 
2.5758837661659454e-05 
2.5758837661659454e-05 
0.00026841986972925584 
0.00022025812847714052 
0.00022025812847714052 
0.00022025812847714052 
0.00022025812847714052 
0.00015889557166277334 
0.00015889557166277334 
0.00015889557166277334 
9.565598443893723e-05 
0.00023138533371698308 
0.00023138533371698308 
0.00023138533371698308 
0.00015540322582406445 
0.00015540322582406447 
0.00015540322582406447 
1.0558127060262976e-05 
0.00010719241949478706 
0.00010719241949478706 
0.00010719241949478706 
7.613573768463968e-05 
7.61357376846397e-05 
7.61357376846397e-05 
1.5137528960775816e-05 
1.5137528960775818e-05 
1.5137528960775818e-05 
1.5137528960775818e-05 
4.489113987756314e-05 
4.489113987756314e-05 
1.1540515336940569e-05 
1.1540515336940569e-05 
0.00024306067145542543 
0.00024306067145542543 
0.00020620441470425312 
0.00020620441470425312 
0.00020620441470425312 
6.249031355388474e-05 
6.249031355388474e-05 
6.249031355388474e-05 
2.079001894495518e-05 
2.079001894495518e-05 
2.079001894495518e-05 
2.079001894495518e-05 
0.00016626886764104838 
0.00016626886764104838 
2.1370148734098978e-05 
2.1370148734098978e-05 
2.1370148734098978e-05 
2.1370148734098978e-05 
0.0002760650686093325 
0.0002760650686093325 
0.0002760650686093325 
0.0002760650686093325 
0.00023214878944798046 
0.00023214878944798046 
0.00023214878944798046 
0.00015623733582345134 
0.00015623733582345134 
0.00015623733582345134 
0.00015623733582345134 
0.00015623733582345134 
7.501256193459282e-05 
7.501256193459282e-05 
7.501256193459282e-05 
5.2638666547472754e-05 
5.2638666547472754e-05 
5.2638666547472754e-05 
5.2638666547472754e-05 
3.768353286448982e-05 
3.768353286448982e-05 
3.768353286448982e-05 
3.768353286448982e-05 
1.2722344804055772e-05 
1.2722344804055772e-05 
1.2722344804055772e-05 
0.0003 
0.00022039918307864738 
0.00022039918307864738 
0.00022039918307864738 
0.00014363186904318179 
0.00014363186904318179 
0.00014363186904318179 
7.925188981401352e-05 
7.925188981401352e-05 
7.925188981401352e-05 
7.925188981401352e-05 
0.00018693099563352165 
0.00018693099563352165 
0.00014406053454664892 
0.00014406053454664892 
0.00014406053454664892 
0.00014406053454664892 
0.00014406053454664892 
0.0001183905089033149 
0.0001183905089033149 
0.0001183905089033149 
0.0001183905089033149 
0.0001183905089033149 
0.0001183905089033149 
0.00023646086113670298 
0.0001718502868879384 
0.0001718502868879384 
0.0001718502868879384 
0.0001718502868879384 
7.453521694760802e-05 
7.453521694760802e-05 
7.453521694760802e-05 
7.453521694760802e-05 
7.453521694760802e-05 
7.453521694760802e-05 
7.453521694760802e-05 
6.048647139148916e-06 
6.048647139148916e-06 
6.048647139148916e-06 
6.048647139148916e-06 
6.048647139148916e-06 
6.048647139148916e-06 
0.0003 
0.00014156621151651167 
0.00014156621151651167 
0.00014156621151651167 
0.00014156621151651167 
6.413293161543718e-05 
6.413293161543718e-05 
6.413293161543718e-05 
2.4699957155725177e-05 
2.4699957155725177e-05 
2.4699957155725177e-05 
2.4699957155725177e-05 
2.4699957155725177e-05 
2.4699957155725177e-05 
2.4699957155725177e-05 
2.4699957155725177e-05 
0.00021558454556698498 
0.00010047113454255671 
0.00010047113454255671 
0.00010047113454255671 
0.00010047113454255671 
0.00010047113454255671 
2.597526024023265e-07 
2.597526024023265e-07 
2.597526024023265e-07 
2.597526024023265e-07 
2.597526024023265e-07 
2.597526024023265e-07 
0.00022383019859953493 
0.00012856470196124516 
0.00012856470196124516 
0.00012856470196124516 
0.00012856470196124516 
5.8189731726405916e-05 
5.8189731726405916e-05 
5.8189731726405916e-05 
2.3238835502166343e-05 
2.3238835502166343e-05 
2.3238835502166343e-05 
0.0003 
7.464584401703855e-05 
7.464584401703855e-05 
7.464584401703855e-05 
0.0003 
7.891929947589042e-05 
7.891929947589042e-05 
7.891929947589042e-05 
5.842849729114601e-05 
5.842849729114601e-05 
5.842849729114601e-05 
5.842849729114601e-05 
5.842849729114601e-05 
0.0003 
0.00027850072225403544 
0.00027850072225403544 
0.00027850072225403544 
7.567109750897217e-06 
7.567109750897216e-06 
7.567109750897216e-06 
7.567109750897216e-06 
0.0003 
0.0003 
0.0003 
0.00018749826518634822 
0.00018749826518634822 
9.069670193953495e-05 
9.069670193953495e-05 
9.842605654736396e-05 
9.842605654736396e-05 
3.1694362685811666e-06 
3.1694362685811666e-06 
3.1694362685811666e-06 
2.1792760031586102e-05 
2.1792760031586102e-05 
2.1792760031586102e-05 
2.1792760031586102e-05 
0.0001641634241730853 
8.65895996389242e-05 
8.65895996389242e-05 
8.65895996389242e-05 
0.0003 
0.00024582518876094267 
0.00024582518876094267 
0.00024582518876094267 
0.00017257647565948264 
0.00017257647565948264 
0.00017257647565948264 
0.00017257647565948264 
0.00011580212199626755 
0.00011580212199626755 
4.5982906901331885e-05 
4.5982906901331885e-05 
4.5982906901331885e-05 
0.0003 
0.0003 
0.0002644059825430165 
0.0002644059825430165 
0.00019223712280215866 
0.00019223712280215866 
0.00019223712280215866 
9.061924664539208e-05 
9.061924664539208e-05 
0.0003 
0.0003 
0.0002221152978436915 
0.0002221152978436915 
0.0002221152978436915 
7.679613589967762e-05 
7.679613589967762e-05 
0.00017789946551312964 
0.00017789946551312964 
0.00017789946551312964 
0.0001575743680997973 
0.0001575743680997973 
0.0001575743680997973 
0.0003 
0.0003 
0.0002501851923536788 
0.0002501851923536788 
0.0002501851923536788 
0.00014011324546557306 
0.00014011324546557306 
0.00014011324546557306 
2.172373641159953e-05 
2.172373641159953e-05 
2.172373641159953e-05 
2.172373641159953e-05 
0.0003 
0.0002306020711994111 
0.0002306020711994111 
0.0002306020711994111 
0.00018919425386526145 
0.00018919425386526145 
0.00018919425386526145 
0.00015994671081522128 
0.00015994671081522128 
0.00015994671081522128 
9.05861672968959e-05 
9.05861672968959e-05 
9.05861672968959e-05 
0.00013453149835492147 
5.984771518699129e-05 
5.984771518699129e-05 
5.984771518699129e-05 
5.984771518699129e-05 
0.0003 
9.606585885352757e-05 
9.606585885352757e-05 
9.606585885352757e-05 
9.606585885352757e-05 
1.596273188054382e-05 
1.596273188054382e-05 
1.596273188054382e-05 
1.596273188054382e-05 
1.596273188054382e-05 
1.596273188054382e-05 
8.941414425405707e-05 
8.941414425405707e-05 
5.3820651138595844e-05 
5.3820651138595844e-05 
5.3820651138595844e-05 
0.00028017526775979835 
0.000203353240726667 
0.000203353240726667 
0.000203353240726667 
0.00017616167608686912 
0.00017616167608686912 
0.00017616167608686912 
0.00010216053039828356 
0.00010216053039828356 
0.00010216053039828356 
0.00010216053039828356 
0.00010216053039828356 
8.100098147217815e-05 
8.100098147217815e-05 
8.100098147217815e-05 
1.837046045877693e-05 
1.837046045877693e-05 
0.0003 
0.0003 
0.0003 
0.00017735802196439866 
0.00017735802196439866 
0.00017735802196439866 
0.00017735802196439866 
5.1992861963818165e-05 
5.1992861963818165e-05 
0.0001633779443639466 
0.0001633779443639466 
7.045822796618005e-05 
7.045822796618005e-05 
7.045822796618005e-05 
7.045822796618005e-05 
2.827668559942162e-05 
2.827668559942162e-05 
2.827668559942162e-05 
0.000244304393230129 
0.00015871248998247645 
0.00015871248998247645 
0.00015871248998247645 
0.00013952612644894507 
0.00013952612644894507 
0.0003 
0.0003 
0.00024770623570177157 
0.00024770623570177157 
0.00024770623570177157 
2.3437803413613265e-06 
2.3437803413613265e-06 
3.4463335494296995e-05 
3.4463335494296995e-05 
3.4463335494296995e-05 
3.4463335494296995e-05 
3.4463335494296995e-05 
3.4463335494296995e-05 
3.4463335494296995e-05 
3.4463335494296995e-05 
1.9069860838465194e-05 
1.9069860838465194e-05 
1.9069860838465194e-05 
1.9069860838465194e-05 
1.9069860838465194e-05 
1.9069860838465194e-05 
1.9069860838465194e-05 
0.0003 
0.00018016895100690102 
0.00018016895100690102 
0.00018016895100690102 
0.00012995070828443177 
0.00012995070828443177 
0.00012995070828443177 
1.624952032190217e-05 
1.624952032190217e-05 
0.0003 
0.0003 
0.0003 
0.0002678839777907843 
0.0002678839777907843 
0.0002678839777907843 
0.00019104990755281127 
0.00019104990755281127 
0.0003 
0.0003 
1.6005587511483345e-05 
1.6005587511483345e-05 
1.6005587511483345e-05 
1.6005587511483345e-05 
1.6005587511483345e-05 
1.6005587511483345e-05 
1.6005587511483345e-05 
0.0003 
0.0003 
0.0003 
0.0003 
0.00021997302249295318 
0.00021997302249295318 
0.00021997302249295318 
9.814354698724657e-05 
9.814354698724657e-05 
9.814354698724657e-05 
9.814354698724657e-05 
4.241468426302173e-05 
4.241468426302173e-05 
0.0003 
0.0003 
9.193370120091134e-05 
9.193370120091136e-05 
9.193370120091136e-05 
9.193370120091136e-05 
7.061385206400991e-05 
7.061385206400991e-05 
7.061385206400991e-05 
3.154219975810348e-05 
3.154219975810348e-05 
3.154219975810348e-05 
1.939998806800072e-05 
1.939998806800072e-05 
1.939998806800072e-05 
1.939998806800072e-05 
0.0003 
0.0002136064133143541 
0.0002136064133143541 
0.0002136064133143541 
8.299275149435136e-05 
8.299275149435136e-05 
8.299275149435136e-05 
5.89775026055547e-05 
5.89775026055547e-05 
5.89775026055547e-05 
2.9413698897470893e-05 
2.9413698897470893e-05 
2.9413698897470893e-05 
2.9413698897470893e-05 
2.9413698897470893e-05 
0.0003 
0.00022242586760220668 
0.00022242586760220668 
0.00022242586760220668 
0.00017238254874979458 
0.00017238254874979458 
0.00017238254874979458 
0.00018670335037879914 
0.00018670335037879914 
0.00018670335037879914 
0.00013000436306370074 
0.00013000436306370076 
0.00013000436306370076 
1.6087301742664746e-05 
1.6087301742664746e-05 
1.6087301742664746e-05 
1.6087301742664746e-05 
1.6087301742664746e-05 
1.6087301742664746e-05 
0.0001724764979317566 
0.00013671822693571095 
0.00013671822693571095 
0.00013671822693571095 
0.00013671822693571095 
0.0003 
0.00020670450249850962 
0.00020670450249850962 
0.00020670450249850962 
4.952104825398714e-05 
4.952104825398714e-05 
4.952104825398714e-05 
4.952104825398714e-05 
4.952104825398714e-05 
4.987412608403933e-05 
4.987412608403933e-05 
4.987412608403933e-05 
0.0003 
0.00016240426923080217 
0.00016240426923080217 
0.00016240426923080217 
0.00016240426923080217 
8.031105398179965e-05 
8.031105398179965e-05 
5.980145981189591e-05 
5.980145981189591e-05 
5.980145981189591e-05 
5.980145981189591e-05 
2.393253700792046e-05 
2.393253700792046e-05 
0.0003 
0.0003 
0.00017345486975274354 
0.00017345486975274354 
0.0001349946096083241 
0.0001349946096083241 
0.0001349946096083241 
5.7856801181689523e-05 
5.7856801181689523e-05 
5.7856801181689523e-05 
5.7856801181689523e-05 
5.7856801181689523e-05 
5.7856801181689523e-05 
5.7856801181689523e-05 
5.7856801181689523e-05 
0.0001600729674059509 
2.6974300204235958e-05 
2.6974300204235958e-05 
2.6974300204235958e-05 
2.6974300204235958e-05 
2.6974300204235958e-05 
8.103319886605279e-06 
8.103319886605279e-06 
8.103319886605279e-06 
0.0003 
0.0003 
0.00011793592329906042 
0.00011793592329906042 
0.00011793592329906042 
9.320524254745997e-05 
9.320524254745997e-05 
9.320524254745997e-05 
4.9033292261142075e-05 
4.9033292261142075e-05 
1.1657956856645167e-05 
1.1657956856645167e-05 
0.0003 
0.0003 
0.0001470733509529786 
0.0001470733509529786 
0.0001470733509529786 
7.679575326730126e-05 
7.679575326730126e-05 
7.679575326730126e-05 
7.679575326730126e-05 
1.2437715126144896e-05 
1.2437715126144896e-05 
1.2437715126144896e-05 
1.2437715126144896e-05 
2.476682802947751e-05 
2.476682802947751e-05 
2.476682802947751e-05 
0.0003 
0.00013153210752468706 
0.00013153210752468706 
0.00013153210752468706 
7.789181549018855e-05 
7.789181549018855e-05 
7.789181549018855e-05 
7.789181549018855e-05 
7.789181549018855e-05 
3.157657985393257e-05 
3.157657985393257e-05 
0.0003 
0.0003 
0.00015868731961383002 
0.00015868731961383002 
0.00015868731961383002 
0.00012004584281509158 
0.00012004584281509158 
0.00012004584281509158 
3.130315501648146e-05 
0.00011599837249120395 
0.00011599837249120395 
0.00011599837249120395 
0.00011599837249120395 
0.00011599837249120395 
0.00020212540520021555 
5.596756790333897e-05 
5.596756790333897e-05 
5.596756790333897e-05 
5.596756790333897e-05 
5.596756790333897e-05 
2.3804858861789066e-05 
2.3804858861789066e-05 
2.3804858861789066e-05 
8.795184617953922e-05 
1.932067175834952e-05 
1.932067175834952e-05 
1.932067175834952e-05 
1.932067175834952e-05 
6.225508098598787e-05 
3.62709010377362e-05 
3.62709010377362e-05 
4.708525714390392e-06 
4.708525714390392e-06 
4.708525714390392e-06 
0.0003 
0.0002608642097002205 
0.0002608642097002205 
0.0002608642097002205 
0.0002608642097002205 
0.0002608642097002205 
0.0002608642097002205 
0.00021672055105633769 
0.00021672055105633769 
0.00021672055105633769 
0.00015353051170603673 
0.00015353051170603673 
0.0003 
0.0003 
0.00024611339934262825 
0.00024611339934262825 
0.00021111504451320747 
0.00021111504451320747 
0.00021111504451320747 
0.00019201051572468109 
0.00019201051572468109 
0.00019201051572468109 
0.00011803761439232752 
0.00011803761439232752 
0.00011803761439232752 
6.770169661068581e-05 
0.00016970018825891804 
0.00016970018825891804 
0.00016970018825891804 
0.00016970018825891804 
0.00016970018825891804 
0.0001431265222160383 
0.0001431265222160383 
0.0001431265222160383 
0.0001431265222160383 
0.0003 
0.0003 
0.000257939035869877 
0.000257939035869877 
0.000257939035869877 
7.105694565956986e-05 
7.105694565956986e-05 
0.0002627266732475519 
0.00023369678154811223 
0.00023369678154811223 
0.0003 
0.0003 
0.0003 
0.0001945800403785383 
0.0001945800403785383 
0.0001945800403785383 
7.140376682077541e-05 
7.140376682077541e-05 
0.0003 
0.0003 
0.0002543064554423057 
0.0002543064554423057 
0.0002543064554423057 
0.0002543064554423057 
0.00012202905719837327 
0.00012202905719837327 
0.00012202905719837327 
6.273016257448457e-05 
6.273016257448457e-05 
0.0003 
0.0003 
0.0001379182925443253 
0.0001379182925443253 
0.0001379182925443253 
0.0001379182925443253 
0.0001379182925443253 
0.0001379182925443253 
9.186584685353936e-05 
9.186584685353936e-05 
9.186584685353936e-05 
2.240619680533577e-06 
2.240619680533577e-06 
2.240619680533577e-06 
2.5046573594743477e-06 
2.5046573594743477e-06 
2.5046573594743477e-06 
2.5046573594743477e-06 
2.5046573594743477e-06 
2.5046573594743477e-06 
2.5046573594743477e-06 
2.5046573594743477e-06 
2.5046573594743477e-06 
0.0003 
0.0002536217565584479 
0.0002536217565584479 
0.0002536217565584479 
0.00021045929848647948 
0.00021045929848647948 
0.00021045929848647948 
0.0001387391878345144 
0.0001387391878345144 
0.0001387391878345144 
0.0001387391878345144 
7.841207168700443e-05 
7.841207168700443e-05 
7.841207168700443e-05 
7.841207168700443e-05 
7.841207168700443e-05 
5.9702062765864316e-05 
5.9702062765864316e-05 
0.0003 
0.0003 
0.0003 
0.0003 
7.418887802962913e-05 
7.418887802962913e-05 
7.418887802962913e-05 
7.418887802962913e-05 
7.418887802962913e-05 
7.418887802962913e-05 
2.6739113940487697e-05 
2.6739113940487697e-05 
2.6739113940487697e-05 
2.6739113940487697e-05 
2.6739113940487697e-05 
2.6739113940487697e-05 
2.6739113940487697e-05 
2.6739113940487697e-05 
2.6739113940487697e-05 
2.6739113940487697e-05 
9.814631254288062e-05 
2.0586194380791352e-05 
2.0586194380791352e-05 
2.0586194380791352e-05 
0.00010952632379414813 
4.027451990792417e-05 
4.027451990792417e-05 
4.027451990792417e-05 
4.027451990792417e-05 
4.027451990792417e-05 
7.180904744312735e-06 
7.180904744312735e-06 
4.5994668028086516e-05 
4.5994668028086516e-05 
4.5994668028086516e-05 
0.0003 
0.0002678071002191167 
0.0002678071002191167 
0.0002678071002191167 
0.00019588178083092495 
0.00019588178083092495 
0.00019588178083092495 
0.00010074301141003324 
0.00010074301141003324 
0.00010074301141003324 
5.422523745359717e-05 
5.422523745359717e-05 
0.0003 
0.0003 
0.0003 
0.00018324520639140184 
0.00018324520639140184 
0.00018324520639140184 
0.00018324520639140184 
0.00018324520639140184 
0.00013490829702180975 
0.00013490829702180975 
0.00013490829702180975 
0.00013490829702180975 
1.6125514401822e-05 
1.6125514401822e-05 
0.00022119670603862348 
0.00022119670603862348 
4.0450732242809146e-05 
4.0450732242809146e-05 
4.0450732242809146e-05 
4.0450732242809146e-05 
4.0450732242809146e-05 
4.0450732242809146e-05 
4.0450732242809146e-05 
4.0450732242809146e-05 
8.52405841911075e-06 
8.52405841911075e-06 
8.52405841911075e-06 
8.52405841911075e-06 
8.52405841911075e-06 
6.653172609092818e-05 
6.653172609092818e-05 
6.653172609092818e-05 
8.882322443333848e-06 
8.882322443333846e-06 
8.882322443333846e-06 
2.1160745574056853e-05 
2.1160745574056853e-05 
2.1160745574056853e-05 
0.00021886450459739906 
0.00016678649523362054 
0.00016678649523362054 
0.00016678649523362054 
0.00016678649523362054 
1.4908650879975541e-05 
1.4908650879975541e-05 
1.4908650879975541e-05 
1.4908650879975541e-05 
1.4908650879975541e-05 
1.4908650879975541e-05 
1.4908650879975541e-05 
0.0001903084917446182 
0.00011941780064905427 
0.00011941780064905427 
0.00011941780064905427 
0.00011941780064905427 
0.00011941780064905427 
9.148535891032645e-05 
9.148535891032645e-05 
9.148535891032645e-05 
4.171829226123393e-07 
4.171829226123393e-07 
7.957252885184069e-05 
7.957252885184069e-05 
0.00022986154412339967 
0.00022986154412339967 
0.00020302757357650912 
0.00020302757357650912 
0.00016277204186096803 
0.00016277204186096803 
0.00016277204186096803 
0.0001316503730343595 
0.0001316503730343595 
0.000178772564531224 
0.000178772564531224 
0.00010200294856439949 
0.00010200294856439949 
0.00010200294856439949 
0.00010200294856439949 
0.00010200294856439949 
7.946125154865023e-06 
7.946125154865023e-06 
0.0003 
0.0003 
0.0002743705588893899 
0.0002743705588893899 
0.0002743705588893899 
0.0001702555575392465 
0.0001702555575392465 
0.0001702555575392465 
0.00010430823627523545 
0.00010430823627523545 
0.00010430823627523545 
7.88831538529468e-05 
7.88831538529468e-05 
7.88831538529468e-05 
4.0168708130853935e-05 
4.0168708130853935e-05 
0.0001487840032980812 
0.0001487840032980812 
0.0001487840032980812 
0.0001160756911400395 
0.0001160756911400395 
0.0001160756911400395 
8.09797280422953e-05 
8.09797280422953e-05 
8.09797280422953e-05 
8.09797280422953e-05 
2.6874817469696197e-05 
2.6874817469696197e-05 
0.00017639559226656233 
0.00017639559226656233 
0.00017639559226656233 
2.51188813594343e-05 
2.51188813594343e-05 
2.51188813594343e-05 
0.00020035509289873993 
0.00018258113735258842 
0.00018258113735258842 
0.00018258113735258842 
0.00018258113735258842 
8.10391301214224e-05 
8.10391301214224e-05 
8.10391301214224e-05 
8.10391301214224e-05 
8.10391301214224e-05 
2.614136978396787e-05 
2.614136978396787e-05 
2.614136978396787e-05 
2.614136978396787e-05 
2.614136978396787e-05 
0.0003 
0.00010265293699996065 
0.00010265293699996065 
0.00010265293699996065 
0.00010265293699996065 
0.00010265293699996065 
0.00010265293699996065 
6.0799760334960064e-05 
6.0799760334960064e-05 
6.0799760334960064e-05 
6.0799760334960064e-05 
1.055527857288182e-05 
1.055527857288182e-05 
1.055527857288182e-05 
1.055527857288182e-05 
0.0003 
0.0003 
0.0003 
0.0002138288446441362 
0.0002138288446441362 
0.0002138288446441362 
0.0002138288446441362 
0.00015097525657309504 
0.00015097525657309504 
0.0001625320314747143 
0.0001625320314747143 
1.12622968644601e-05 
1.12622968644601e-05 
1.12622968644601e-05 
1.12622968644601e-05 
1.12622968644601e-05 
1.12622968644601e-05 
1.12622968644601e-05 
1.12622968644601e-05 
0.0003 
0.0003 
0.0003 
0.00024725785498195445 
0.00024725785498195445 
0.00024725785498195445 
0.00010287335037044125 
0.00010287335037044125 
0.00010287335037044125 
6.27864461853473e-05 
6.27864461853473e-05 
0.0002557214971724625 
0.0002557214971724625 
5.116097583384783e-06 
5.116097583384784e-06 
5.116097583384784e-06 
5.116097583384784e-06 
5.116097583384784e-06 
5.116097583384784e-06 
5.116097583384784e-06 
0.0003 
0.0001242482345294111 
0.0001242482345294111 
0.0001242482345294111 
0.0001242482345294111 
2.2403859390317043e-05 
0.0001473740110263529 
0.0001473740110263529 
0.0001473740110263529 
6.108779042099941e-05 
6.108779042099941e-05 
6.108779042099941e-05 
6.108779042099941e-05 
0.0003 
0.0002530916896206841 
0.0002530916896206841 
0.0002530916896206841 
0.00021837500166945443 
0.00021837500166945443 
0.00021837500166945443 
0.00015313755672886016 
0.00015313755672886016 
0.00015313755672886016 
0.00015313755672886016 
6.455220936611497e-05 
6.455220936611497e-05 
6.455220936611497e-05 
6.455220936611497e-05 
0.0003 
0.0001704481999193405 
0.0001704481999193405 
0.0003 
0.0003 
1.4254728972352808e-05 
1.4254728972352808e-05 
1.4254728972352808e-05 
1.4254728972352808e-05 
1.4254728972352808e-05 
1.4254728972352808e-05 
1.4254728972352808e-05 
1.4254728972352808e-05 
1.4254728972352808e-05 
1.4254728972352808e-05 
1.4254728972352808e-05 
1.4254728972352808e-05 
1.4254728972352808e-05 
1.4254728972352808e-05 
1.4254728972352808e-05 
1.4254728972352808e-05 
1.4254728972352808e-05 
1.4254728972352808e-05 
1.4254728972352808e-05 
0.0003 
0.00025514318959974253 
0.00025514318959974253 
0.00025514318959974253 
0.00015232422109297033 
0.00015232422109297033 
0.00015232422109297033 
0.0001054360250138636 
0.0001054360250138636 
0.0001054360250138636 
4.684498884565797e-05 
4.684498884565797e-05 
4.684498884565797e-05 
1.1626207321291408e-05 
1.1626207321291408e-05 
1.1626207321291408e-05 
1.1626207321291408e-05 
1.1626207321291408e-05 
0.00022313750838574088 
0.00013006688594573395 
0.00013006688594573395 
0.00013006688594573395 
8.971926252135658e-05 
8.971926252135658e-05 
8.971926252135658e-05 
5.145884387713144e-05 
5.145884387713144e-05 
5.145884387713144e-05 
0.0002034260638282006 
0.0002034260638282006 
0.00016507382452187825 
0.00016507382452187825 
0.00016507382452187825 
0.00016507382452187825 
0.00010658675454642416 
0.00010658675454642416 
0.00010658675454642416 
8.654819276249024e-05 
8.654819276249023e-05 
8.654819276249023e-05 
8.654819276249023e-05 
2.9785967034079658e-05 
2.9785967034079658e-05 
9.187450985980079e-08 
9.187450985980079e-08 
9.187450985980079e-08 
9.187450985980079e-08 
9.187450985980079e-08 
0.00013740983187494053 
4.2729234383996915e-05 
4.2729234383996915e-05 
4.2729234383996915e-05 
4.2729234383996915e-05 
4.2729234383996915e-05 
4.2729234383996915e-05 
8.607755304781953e-05 
2.0437145249811847e-05 
2.043714524981185e-05 
2.043714524981185e-05 
2.043714524981185e-05 
2.043714524981185e-05 
2.043714524981185e-05 
2.043714524981185e-05 
2.043714524981185e-05 
0.0003 
0.0003 
0.0003 
0.0002555937574804261 
0.0003 
0.0003 
0.0003 
0.00025596782142356617 
0.00025596782142356617 
0.00025596782142356617 
0.00013712809790740354 
0.00013712809790740354 
0.0003 
0.0003 
0.00023129166088234647 
0.00023129166088234647 
0.00023129166088234647 
1.7923801667518648e-06 
1.7923801667518648e-06 
1.7923801667518648e-06 
1.7923801667518648e-06 
1.7923801667518648e-06 
1.7923801667518648e-06 
5.9485112153104665e-05 
5.9485112153104665e-05 
5.9485112153104665e-05 
2.3867367278652892e-05 
2.3867367278652892e-05 
2.3867367278652892e-05 
2.3867367278652892e-05 
2.3867367278652892e-05 
2.3867367278652892e-05 
2.3867367278652892e-05 
2.3867367278652892e-05 
4.746124903406511e-05 
4.746124903406511e-05 
4.746124903406511e-05 
4.746124903406511e-05 
4.746124903406511e-05 
4.746124903406511e-05 
4.746124903406511e-05 
1.7356992811770811e-06 
1.735699281177081e-06 
1.735699281177081e-06 
0.00016135998551892927 
0.00016135998551892927 
0.00016135998551892927 
4.714587894321881e-05 
4.714587894321881e-05 
4.714587894321881e-05 
0.0003 
0.00024441168515124817 
0.00024441168515124817 
0.00024441168515124817 
0.0003 
0.00022224170338418505 
0.00022224170338418505 
0.00022224170338418505 
0.00022224170338418505 
0.00013281520529585415 
0.00013281520529585415 
0.00013281520529585415 
0.00013281520529585415 
9.128444220868475e-05 
9.128444220868475e-05 
0.0003 
0.0003 
0.00021349615406265503 
0.00021349615406265503 
0.00021349615406265503 
0.00015362227208510077 
0.00015362227208510077 
0.00015362227208510077 
0.00015362227208510077 
4.063887804617968e-05 
4.063887804617968e-05 
0.0003 
0.0003 
0.0002546304499566424 
0.0002546304499566424 
0.00021857506760369037 
0.0002471419224080726 
0.0002471419224080726 
0.0002471419224080726 
0.0002471419224080726 
0.00012140661359473441 
0.00012140661359473441 
0.00012140661359473441 
9.808409982003026e-05 
9.808409982003026e-05 
9.808409982003026e-05 
4.7316226140083715e-05 
4.7316226140083715e-05 
4.7316226140083715e-05 
5.4803724127651786e-05 
0.0003 
0.0003 
0.0003 
0.00028800929349606533 
0.00028800929349606533 
0.00028800929349606533 
0.00014493765347893897 
0.00014493765347893897 
0.00014493765347893897 
7.147275121953524e-05 
7.147275121953524e-05 
7.147275121953524e-05 
3.134364421450333e-07 
3.134364421450333e-07 
0.0003 
0.0003 
0.0002260257578588658 
0.0002260257578588658 
0.0002260257578588658 
0.0002260257578588658 
0.0001146132467293492 
0.0001146132467293492 
7.695372628389099e-05 
7.695372628389099e-05 
7.695372628389099e-05 
7.695372628389099e-05 
1.2853186485159041e-05 
1.2853186485159041e-05 
0.0003 
0.0003 
0.00023144495540809913 
0.00023144495540809913 
0.0003 
0.0003 
0.0002607564757486818 
0.0002607564757486818 
0.0002607564757486818 
0.0002607564757486818 
0.00021850139320589952 
0.00021850139320589952 
0.00015476332510304028 
0.00015476332510304028 
0.00015476332510304028 
5.737806078174874e-06 
5.737806078174875e-06 
0.0003 
0.0003 
0.00010601661173225828 
0.00010601661173225828 
0.00010601661173225828 
3.8650883451827947e-05 
3.8650883451827947e-05 
3.8650883451827947e-05 
3.8650883451827947e-05 
8.449608401392982e-06 
8.449608401392982e-06 
8.449608401392982e-06 
8.449608401392982e-06 
0.0003 
0.0002589787126386029 
0.0002589787126386029 
0.0002589787126386029 
0.00011922205372703941 
0.00011922205372703941 
0.00011922205372703941 
8.490076889378308e-05 
8.490076889378308e-05 
8.490076889378308e-05 
4.347394433472033e-05 
4.347394433472033e-05 
4.347394433472033e-05 
0.00028381245942366896 
0.0001633964256617938 
0.0001633964256617938 
0.0001633964256617938 
0.0001633964256617938 
4.673148414543201e-05 
4.673148414543201e-05 
0.0003 
0.0003 
0.00018700420394553586 
0.00018700420394553586 
0.00018700420394553586 
0.0003 
0.0003 
0.00027520042631576933 
0.00027520042631576933 
0.0003 
0.0003 
0.00025260374718001595 
0.00025260374718001595 
0.00025260374718001595 
0.00017990430920414828 
0.00017990430920414828 
0.00027433525468166005 
0.00027433525468166005 
0.0002074305952645486 
0.0002074305952645486 
0.0002074305952645486 
0.0001161353676456905 
0.0001161353676456905 
0.0001161353676456905 
0.0001161353676456905 
2.43776902754101e-05 
2.43776902754101e-05 
2.43776902754101e-05 
2.43776902754101e-05 
2.43776902754101e-05 
2.43776902754101e-05 
2.43776902754101e-05 
2.43776902754101e-05 
0.0003 
0.0003 
0.00023770276687905983 
0.00023770276687905983 
0.00023770276687905983 
0.00018601012770446697 
0.00018601012770446697 
0.00018601012770446697 
1.6415904964458498e-05 
1.6415904964458498e-05 
1.6415904964458498e-05 
1.6415904964458498e-05 
1.6415904964458498e-05 
2.0292898822081055e-06 
2.0292898822081055e-06 
2.0292898822081055e-06 
2.0292898822081055e-06 
2.0292898822081055e-06 
2.0292898822081055e-06 
5.108209075845798e-05 
5.108209075845798e-05 
5.108209075845798e-05 
5.108209075845798e-05 
1.5280156241347337e-05 
1.5280156241347337e-05 
1.5280156241347337e-05 
1.5280156241347337e-05 
1.5280156241347337e-05 
2.8786468935434424e-06 
2.8786468935434424e-06 
0.0002529150835089966 
0.0002529150835089965 
0.0001674942301354152 
0.0001674942301354152 
0.0001674942301354152 
3.585864575916399e-05 
3.585864575916399e-05 
3.585864575916399e-05 
1.5085226706799084e-05 
1.5085226706799084e-05 
3.974871191266384e-05 
3.9748711912663836e-05 
3.9748711912663836e-05 
3.9748711912663836e-05 
3.9748711912663836e-05 
0.0001667105596310172 
7.49024580905366e-05 
7.49024580905366e-05 
4.221161211971294e-05 
4.221161211971294e-05 
4.221161211971294e-05 
4.221161211971294e-05 
1.3271637180015743e-05 
1.3271637180015743e-05 
1.3271637180015743e-05 
1.3271637180015743e-05 
1.3271637180015743e-05 
1.3271637180015743e-05 
0.00017324252574657235 
0.00017324252574657235 
0.00017324252574657235 
0.00017324252574657235 
0.00010346813934340925 
0.00010346813934340925 
0.00010346813934340925 
3.631489972807216e-05 
3.631489972807216e-05 
0.0001345098283007336 
0.0001345098283007336 
0.0001345098283007336 
0.0001345098283007336 
0.00010348585398202209 
0.00010348585398202209 
0.00010348585398202209 
0.00010348585398202209 
0.00016065778243953819 
0.0001258653022889037 
0.0001258653022889037 
0.0001258653022889037 
7.440956506968802e-05 
7.440956506968802e-05 
7.440956506968802e-05 
7.440956506968802e-05 
2.7063329171297867e-05 
2.7063329171297867e-05 
2.7063329171297867e-05 
2.7063329171297867e-05 
2.7063329171297867e-05 
0.0001541371942760938 
0.0001541371942760938 
0.0001541371942760938 
9.669936085373074e-05 
9.669936085373074e-05 
9.669936085373074e-05 
3.682343378803369e-05 
3.682343378803369e-05 
0.0003 
0.0003 
0.00022994304902682224 
0.00022994304902682224 
0.00017112854074736872 
0.00017112854074736872 
0.00017112854074736872 
6.615132032691342e-05 
6.615132032691342e-05 
6.615132032691342e-05 
6.615132032691342e-05 
6.615132032691342e-05 
0.0003 
0.0002557821921110266 
0.0002557821921110266 
0.0002557821921110266 
0.0003 
0.0001475053094192494 
0.0001475053094192494 
0.0001475053094192494 
0.00011937591394712695 
0.00011937591394712695 
0.00013150975582829668 
0.00013150975582829668 
0.00013150975582829668 
9.065653561729321e-05 
9.065653561729321e-05 
9.065653561729321e-05 
4.186643454599287e-05 
4.186643454599287e-05 
4.186643454599287e-05 
3.6816812081051704e-06 
3.6816812081051704e-06 
3.6816812081051704e-06 
3.6816812081051704e-06 
3.6816812081051704e-06 
4.480479424700869e-05 
2.55956615502782e-05 
2.55956615502782e-05 
2.55956615502782e-05 
2.55956615502782e-05 
2.55956615502782e-05 
0.0003 
0.00017870941639394448 
0.0001787094163939445 
0.0001787094163939445 
0.0001787094163939445 
0.0001787094163939445 
0.00011362367560737158 
0.00011362367560737158 
0.00011362367560737158 
0.0003 
0.0003 
0.0003 
0.0003 
0.00014254141751388714 
0.00014254141751388714 
0.00014254141751388714 
0.0003 
0.0003 
0.0002768219411927596 
0.0002768219411927596 
0.0002768219411927596 
0.0002768219411927596 
0.0001713700441647064 
0.0001713700441647064 
0.0001713700441647064 
0.00014616170659370234 
0.00014616170659370234 
4.728759542296183e-05 
4.728759542296183e-05 
4.728759542296183e-05 
4.728759542296183e-05 
0.0003 
0.0003 
0.00027159839216254263 
0.0003 
0.0003 
0.0003 
0.0003 
0.00017617143779340356 
0.00017617143779340356 
0.00017617143779340356 
0.00011139389022553194 
0.00011139389022553194 
0.00011139389022553194 
5.390763159595529e-05 
5.390763159595529e-05 
5.390763159595529e-05 
2.5209564241158393e-05 
2.5209564241158393e-05 
0.0003 
0.0003 
0.0001591262219504367 
0.0001591262219504367 
0.00013686269987726922 
0.00013686269987726922 
0.00013686269987726922 
0.00013686269987726922 
9.225050421680941e-05 
9.225050421680941e-05 
3.3765965600146085e-05 
3.3765965600146085e-05 
0.00019563261079259445 
0.00019563261079259445 
0.00019563261079259445 
6.327312000228505e-05 
6.327312000228505e-05 
6.327312000228505e-05 
6.327312000228505e-05 
0.00028382061138282864 
0.000159993136835566 
0.000159993136835566 
8.793019713931329e-06 
8.79301971393133e-06 
8.79301971393133e-06 
8.79301971393133e-06 
8.79301971393133e-06 
8.79301971393133e-06 
0.0003 
0.0003 
0.0003 
0.0001732325169020344 
0.0001732325169020344 
0.0001732325169020344 
0.0001732325169020344 
0.00011540403323732055 
0.00011540403323732055 
0.0003 
0.0003 
0.00026232981900638745 
0.00026232981900638745 
0.0003 
0.0003 
0.00026568862077105287 
0.00026568862077105287 
0.00021170999156250786 
0.00021170999156250786 
0.0003 
0.0003 
0.0001460129414737514 
0.0001460129414737514 
0.0001460129414737514 
0.00010900825334620134 
0.00010900825334620134 
0.00010900825334620134 
0.00010900825334620134 
0.00010900825334620134 
0.0002832421445292772 
0.0002832421445292772 
0.00025661403347034494 
0.00025661403347034494 
0.00025661403347034494 
0.00018422683488812522 
0.00018422683488812522 
0.00018422683488812522 
0.0003 
5.6875993376274075e-05 
5.6875993376274075e-05 
5.6875993376274075e-05 
5.6875993376274075e-05 
5.6875993376274075e-05 
5.6875993376274075e-05 
0.0002315665511287913 
2.5221420337495463e-05 
2.5221420337495463e-05 
2.5221420337495463e-05 
5.615654606820018e-05 
3.26233356532266e-05 
3.26233356532266e-05 
3.26233356532266e-05 
3.26233356532266e-05 
3.26233356532266e-05 
3.26233356532266e-05 
3.26233356532266e-05 
0.0002190072677864933 
0.00019508542264719988 
0.00019508542264719988 
0.00019508542264719988 
0.00012479612140059654 
0.00012479612140059654 
0.00012479612140059654 
0.00012479612140059654 
6.928870881252176e-05 
6.928870881252176e-05 
6.928870881252176e-05 
0.0003 
0.0003 
0.00016162968694890232 
0.00016162968694890232 
0.00016162968694890232 
0.00016162968694890232 
0.00014201720466543768 
0.00014201720466543768 
0.00014201720466543768 
3.601591215853726e-05 
3.601591215853726e-05 
3.601591215853726e-05 
3.601591215853726e-05 
3.601591215853726e-05 
0.0003 
0.00017568831215620541 
0.00017568831215620541 
0.00017568831215620541 
0.00017568831215620541 
8.240037947746262e-05 
8.240037947746262e-05 
8.240037947746262e-05 
8.240037947746262e-05 
8.240037947746262e-05 
8.240037947746262e-05 
7.323848235133795e-07 
7.323848235133795e-07 
2.204947899235614e-05 
2.204947899235614e-05 
2.204947899235614e-05 
2.204947899235614e-05 
2.204947899235614e-05 
2.204947899235614e-05 
0.0003 
0.00026217500398838977 
0.00026217500398838977 
0.00026217500398838977 
0.00026217500398838977 
0.00026217500398838977 
0.00026217500398838977 
0.00013540695953414701 
0.00013540695953414701 
0.0001579879275844995 
0.0001579879275844995 
0.0001579879275844995 
0.0003 
0.0002383075313589145 
0.0002383075313589145 
0.0002383075313589145 
0.00010668216518300931 
0.00010668216518300931 
0.00010668216518300931 
3.929941407388856e-05 
3.929941407388856e-05 
3.929941407388856e-05 
0.0003 
6.514288163849549e-05 
6.514288163849549e-05 
6.514288163849549e-05 
1.6104720779213428e-05 
1.6104720779213428e-05 
0.0003 
0.0003 
0.0002117798152866837 
0.0002117798152866837 
0.0002117798152866837 
0.00018460373515054998 
0.00018460373515054998 
0.00018460373515054998 
0.00013345448036105857 
0.00013345448036105857 
3.227826909151028e-05 
3.227826909151028e-05 
6.981815442777896e-05 
6.981815442777896e-05 
6.981815442777896e-05 
3.9192459871900346e-05 
3.9192459871900346e-05 
3.9192459871900346e-05 
3.9192459871900346e-05 
3.9192459871900346e-05 
0.0003 
0.00021776294401236132 
0.00021776294401236132 
0.00021776294401236132 
8.651441124485067e-05 
8.651441124485067e-05 
8.651441124485067e-05 
8.651441124485067e-05 
8.651441124485067e-05 
2.58461257239868e-05 
2.58461257239868e-05 
2.58461257239868e-05 
0.0003 
0.0003 
0.000250946396140375 
0.0003 
0.0003 
0.0003 
0.00024778593081065516 
0.00024778593081065516 
0.00024778593081065516 
0.00024778593081065516 
6.16240063947291e-05 
6.16240063947291e-05 
6.16240063947291e-05 
6.16240063947291e-05 
1.270486187145526e-05 
1.270486187145526e-05 
0.0003 
0.0003 
0.0002716265339231207 
0.0002716265339231207 
0.0003 
0.0003 
9.325760600260798e-05 
9.325760600260798e-05 
9.325760600260798e-05 
9.325760600260798e-05 
5.294636275222844e-05 
5.294636275222844e-05 
5.294636275222844e-05 
0.0003 
0.0003 
0.00026427229828851885 
0.00026427229828851885 
0.00026427229828851885 
0.00018583058770198522 
0.00018583058770198522 
0.00011448621219227478 
0.00011448621219227478 
0.00011448621219227478 
5.1209975935191605e-05 
5.1209975935191605e-05 
5.1209975935191605e-05 
5.1209975935191605e-05 
5.1209975935191605e-05 
5.1209975935191605e-05 
5.1209975935191605e-05 
5.1209975935191605e-05 
1.1877501966947028e-05 
1.1877501966947028e-05 
0.0003 
6.018480935944949e-05 
6.018480935944949e-05 
6.018480935944949e-05 
0.0002391647884923026 
4.765721170134056e-05 
4.765721170134056e-05 
4.765721170134056e-05 
4.765721170134056e-05 
0.0003 
0.0002484115463065379 
0.0002484115463065379 
0.0002484115463065379 
0.00019154258596225577 
0.00019154258596225577 
0.00019154258596225577 
0.00019154258596225577 
0.00010805883185952155 
0.00010805883185952155 
0.00010805883185952155 
4.772111281980983e-05 
4.772111281980983e-05 
0.0003 
0.0003 
6.45819225509076e-05 
6.45819225509076e-05 
6.45819225509076e-05 
6.45819225509076e-05 
6.45819225509076e-05 
6.45819225509076e-05 
6.45819225509076e-05 
6.45819225509076e-05 
6.45819225509076e-05 
6.45819225509076e-05 
3.6024115437184774e-05 
3.6024115437184774e-05 
3.6024115437184774e-05 
4.71651806924651e-05 
1.7433716359338504e-05 
1.7433716359338504e-05 
1.7433716359338504e-05 
1.7433716359338504e-05 
0.00017870520619070224 
0.00014184125617623927 
0.00014184125617623927 
0.00014184125617623927 
0.00014184125617623927 
0.00018847722612336267 
0.00015071983254970784 
0.00015071983254970784 
0.00015071983254970784 
0.00010443553280569075 
0.00010443553280569075 
0.00010443553280569075 
9.273083342518668e-06 
9.273083342518668e-06 
9.273083342518668e-06 
9.273083342518668e-06 
9.273083342518668e-06 
9.273083342518668e-06 
0.0003 
0.0003 
0.0003 
0.0003 
0.0003 
0.0002051748796004755 
0.0002051748796004755 
0.0002051748796004755 
0.0002051748796004755 
0.0002051748796004755 
0.00010782605013428716 
0.00010782605013428715 
0.00010782605013428715 
8.018142906988891e-05 
8.018142906988891e-05 
6.184026611387512e-05 
6.184026611387512e-05 
6.184026611387512e-05 
0.0003 
0.00020639772905076028 
0.00020639772905076028 
0.00020639772905076028 
0.0001105563436885926 
0.0001105563436885926 
0.0001105563436885926 
4.007436529011686e-06 
4.007436529011686e-06 
4.007436529011686e-06 
4.007436529011686e-06 
4.007436529011686e-06 
4.007436529011686e-06 
4.007436529011686e-06 
0.00017641407832978036 
3.6049983593436645e-05 
3.6049983593436645e-05 
3.6049983593436645e-05 
3.6049983593436645e-05 
3.6049983593436645e-05 
3.6049983593436645e-05 
3.6049983593436645e-05 
1.4089526065857536e-05 
1.4089526065857536e-05 
1.4089526065857536e-05 
1.4089526065857536e-05 
1.4089526065857536e-05 
1.4089526065857536e-05 
0.0003 
0.00015608740443896898 
0.00015608740443896898 
0.00015608740443896898 
9.453285078056771e-05 
9.453285078056771e-05 
9.453285078056771e-05 
9.453285078056771e-05 
4.546979808276712e-05 
4.546979808276712e-05 
4.546979808276712e-05 
4.546979808276712e-05 
4.546979808276712e-05 
1.0535389614874007e-05 
1.0535389614874007e-05 
1.0535389614874007e-05 
3.685984890804062e-05 
3.685984890804062e-05 
0.0003 
0.0003 
0.0002661534979753457 
0.0002661534979753457 
0.0002661534979753457 
0.00023766221533494874 
0.00023766221533494874 
0.00023766221533494874 
0.00021426993736185237 
0.00021426993736185237 
0.00021426993736185237 
0.00013502903479055916 
0.00013502903479055916 
0.00013502903479055916 
6.621675384790026e-05 
6.621675384790026e-05 
0.0003 
0.0003 
0.0001721784208451171 
0.0001721784208451171 
0.0001721784208451171 
0.00014702654127640583 
0.00014702654127640583 
0.00014702654127640583 
0.00012467951769892224 
0.00012467951769892224 
0.0003 
0.0003 
1.350093581582105e-06 
1.350093581582105e-06 
1.350093581582105e-06 
1.350093581582105e-06 
1.350093581582105e-06 
1.350093581582105e-06 
1.350093581582105e-06 
1.350093581582105e-06 
1.350093581582105e-06 
2.772476882859488e-05 
2.772476882859488e-05 
2.772476882859488e-05 
2.772476882859488e-05 
2.772476882859488e-05 
2.772476882859488e-05 
2.772476882859488e-05 
2.772476882859488e-05 
0.0003 
0.00018067124365749675 
0.00018067124365749675 
0.00018067124365749675 
0.00018067124365749675 
9.891915437787091e-05 
9.891915437787091e-05 
3.717857397479669e-05 
3.717857397479669e-05 
0.0002243450762985675 
0.0002243450762985675 
0.0002243450762985675 
0.00015623899027469325 
0.00015623899027469325 
7.631253387484152e-05 
7.631253387484152e-05 
0.00018297055496982494 
0.00018297055496982494 
0.00010926709164540576 
0.00010926709164540576 
0.00010926709164540576 
0.00010926709164540576 
0.00010926709164540576 
0.00010926709164540576 
6.945451020760868e-05 
6.945451020760868e-05 
6.945451020760868e-05 
6.945451020760868e-05 
6.945451020760868e-05 
0.0001045684269196876 
7.451931207781336e-05 
7.451931207781336e-05 
7.451931207781336e-05 
7.451931207781336e-05 
3.618642696743443e-05 
3.618642696743443e-05 
3.618642696743443e-05 
3.618642696743443e-05 
3.618642696743443e-05 
3.618642696743443e-05 
3.618642696743443e-05 
3.618642696743443e-05 
3.618642696743443e-05 
3.618642696743443e-05 
3.618642696743443e-05 
3.618642696743443e-05 
3.618642696743443e-05 
3.618642696743443e-05 
3.618642696743443e-05 
0.00010348098426782808 
0.00010348098426782808 
0.00010348098426782808 
0.00010348098426782808 
6.3361215613981e-05 
6.3361215613981e-05 
7.38110435896366e-05 
7.38110435896366e-05 
7.38110435896366e-05 
7.38110435896366e-05 
7.38110435896366e-05 
7.38110435896366e-05 
7.38110435896366e-05 
3.703817758959069e-05 
3.7038177589590684e-05 
0.0002028033634989397 
0.0002028033634989397 
0.0002028033634989397 
0.00015716836670077192 
0.00015716836670077192 
0.00015716836670077192 
0.0003 
0.0003 
0.0003 
0.0003 
0.0003 
0.0003 
0.0003 
0.00025919181616832865 
0.00025919181616832865 
0.000159887649420201 
0.000159887649420201 
0.000159887649420201 
0.000159887649420201 
2.892172363746617e-05 
2.892172363746617e-05 
2.892172363746617e-05 
2.892172363746617e-05 
2.892172363746617e-05 
0.0003 
0.00024184384116967837 
0.00024184384116967837 
0.00024184384116967837 
0.00024184384116967837 
0.0001895097815532371 
0.0001895097815532371 
0.0001895097815532371 
9.163900445151378e-06 
0.0001124507759870945 
0.0001124507759870945 
0.0001124507759870945 
1.019373355697401e-05 
1.019373355697401e-05 
1.019373355697401e-05 
1.019373355697401e-05 
1.019373355697401e-05 
0.0003 
0.00018022880658331446 
0.00018022880658331446 
0.00018022880658331446 
9.134841612464877e-05 
9.134841612464877e-05 
9.134841612464877e-05 
5.786521802127442e-05 
5.786521802127442e-05 
5.786521802127442e-05 
5.786521802127442e-05 
5.786521802127442e-05 
5.786521802127442e-05 
5.786521802127442e-05 
0.0003 
0.00022144083961801215 
0.00022144083961801215 
0.00022144083961801215 
0.00022144083961801215 
2.943761343501456e-05 
2.943761343501456e-05 
2.943761343501456e-05 
2.943761343501456e-05 
2.943761343501456e-05 
2.943761343501456e-05 
2.943761343501456e-05 
0.0003 
0.0003 
0.00021002530227798522 
0.00021002530227798522 
0.00021002530227798522 
0.0001762999572487195 
0.0001762999572487195 
0.0001762999572487195 
0.0001505789263596823 
0.0001505789263596823 
2.203382981029456e-05 
2.203382981029456e-05 
2.203382981029456e-05 
2.203382981029456e-05 
2.203382981029456e-05 
0.0002019633873997306 
0.0002019633873997306 
0.0002019633873997306 
4.0885747014956456e-05 
4.088574701495645e-05 
4.088574701495645e-05 
4.088574701495645e-05 
4.088574701495645e-05 
4.088574701495645e-05 
4.088574701495645e-05 
4.088574701495645e-05 
1.9141942501334707e-06 
1.9141942501334707e-06 
1.9141942501334707e-06 
1.9141942501334707e-06 
0.00013924769739078382 
2.1702790723428307e-05 
2.1702790723428307e-05 
2.1702790723428307e-05 
7.916248668194131e-05 
5.037438349095419e-05 
5.037438349095419e-05 
5.037438349095419e-05 
5.037438349095419e-05 
0.0003 
1.9952817117641238e-05 
1.9952817117641238e-05 
1.9952817117641238e-05 
1.9952817117641238e-05 
1.9952817117641238e-05 
1.9952817117641238e-05 
1.9952817117641238e-05 
0.0003 
0.00020171294219273664 
0.00020171294219273664 
0.00020171294219273664 
0.00020171294219273664 
0.0003 
0.0003 
0.00024610422269520014 
0.00024610422269520014 
0.00024610422269520014 
0.00019520768933525164 
0.00019520768933525164 
0.00019520768933525164 
0.00016174097340308487 
0.00016174097340308487 
0.00016174097340308487 
0.00016174097340308487 
4.882657014982916e-05 
4.882657014982916e-05 
4.882657014982916e-05 
7.943842405147583e-05 
7.943842405147583e-05 
3.2062250852333466e-05 
3.2062250852333466e-05 
3.2062250852333466e-05 
9.817967096139218e-05 
9.817967096139218e-05 
9.817967096139218e-05 
9.860622074709322e-05 
9.860622074709322e-05 
9.860622074709322e-05 
7.869053892727132e-05 
7.869053892727132e-05 
7.869053892727132e-05 
3.001271685456182e-05 
3.001271685456182e-05 
3.001271685456182e-05 
3.001271685456182e-05 
3.001271685456182e-05 
8.521062466296837e-05 
8.521062466296837e-05 
8.521062466296837e-05 
2.8343528326953207e-05 
2.8343528326953207e-05 
2.8343528326953207e-05 
2.8343528326953207e-05 
2.8343528326953207e-05 
2.8343528326953207e-05 
0.0003 
4.2898895520444944e-05 
4.2898895520444944e-05 
0.0003 
0.0003 
0.00025891006544291514 
0.00025891006544291514 
0.00025891006544291514 
0.00019666239073774344 
0.00019666239073774344 
0.0001233258946074968 
0.0001233258946074968 
4.4418722197335606e-05 
4.4418722197335606e-05 
4.4418722197335606e-05 
4.4418722197335606e-05 
4.4418722197335606e-05 
1.6995750484329337e-05 
1.6995750484329337e-05 
1.6995750484329337e-05 
1.6995750484329337e-05 
1.6995750484329337e-05 
8.320439091107869e-05 
8.320439091107869e-05 
8.320439091107869e-05 
1.0009492621759782e-05 
1.0009492621759782e-05 
1.0009492621759782e-05 
1.0009492621759782e-05 
1.0009492621759782e-05 
1.0009492621759782e-05 
0.0003 
0.0003 
0.0001886657318542846 
0.0001886657318542846 
7.739795769252606e-05 
7.739795769252606e-05 
7.739795769252606e-05 
7.739795769252606e-05 
1.40741635437499e-06 
1.4074163543749903e-06 
1.0742089575533702e-05 
1.0742089575533702e-05 
1.0742089575533702e-05 
4.4034013781672776e-05 
4.4034013781672776e-05 
4.4034013781672776e-05 
9.362397019666352e-06 
9.362397019666352e-06 
9.362397019666352e-06 
9.362397019666352e-06 
9.362397019666352e-06 
9.362397019666352e-06 
9.362397019666352e-06 
9.362397019666352e-06 
9.362397019666352e-06 
9.362397019666352e-06 
2.9050543278562492e-05 
2.9050543278562492e-05 
5.135612636424349e-06 
5.135612636424349e-06 
5.135612636424349e-06 
5.135612636424349e-06 
5.135612636424349e-06 
5.135612636424349e-06 
4.9074383030797555e-05 
4.907438303079755e-05 
4.907438303079755e-05 
4.907438303079755e-05 
0.0003 
0.0003 
0.0003 
0.0002836911165200181 
0.0002836911165200181 
0.0002836911165200181 
0.0002836911165200181 
0.0002836911165200181 
0.00016492665085008105 
0.00016492665085008105 
0.00016492665085008105 
0.00016492665085008105 
0.00016492665085008105 
0.00012390550688822958 
0.00012390550688822958 
0.00012390550688822958 
4.189215857709534e-05 
4.189215857709534e-05 
1.2062258236556261e-05 
1.2062258236556261e-05 
1.2062258236556261e-05 
1.2062258236556261e-05 
0.0003 
0.0003 
7.683036098723894e-05 
7.683036098723894e-05 
7.683036098723894e-05 
7.683036098723894e-05 
7.683036098723894e-05 
1.1866689516050306e-05 
1.1866689516050306e-05 
1.1866689516050306e-05 
9.69904069755346e-05 
9.69904069755346e-05 
9.69904069755346e-05 
1.749058351109308e-05 
1.749058351109308e-05 
1.749058351109308e-05 
1.749058351109308e-05 
1.749058351109308e-05 
1.749058351109308e-05 
1.749058351109308e-05 
1.749058351109308e-05 
1.749058351109308e-05 
1.749058351109308e-05 
1.749058351109308e-05 
1.749058351109308e-05 
1.749058351109308e-05 
1.749058351109308e-05 
1.749058351109308e-05 
1.749058351109308e-05 
1.749058351109308e-05 
0.0001740646802613293 
8.235730073542007e-05 
8.235730073542007e-05 
8.235730073542007e-05 
3.6836367787376256e-05 
3.6836367787376256e-05 
3.6836367787376256e-05 
1.6944711006875066e-05 
0.0003 
0.0003 
0.0003 
0.0003 
3.738845399669561e-05 
3.738845399669561e-05 
0.00029152396559150293 
0.00029152396559150293 
7.41927026062512e-05 
7.41927026062512e-05 
7.41927026062512e-05 
7.41927026062512e-05 
4.985394199961115e-05 
4.985394199961115e-05 
4.985394199961115e-05 
2.8714324692166498e-05 
2.8714324692166498e-05 
2.8714324692166498e-05 
2.8714324692166498e-05 
2.8714324692166498e-05 
2.8714324692166498e-05 
2.8714324692166498e-05 
2.8714324692166498e-05 
2.8714324692166498e-05 
0.0001020491743045427 
3.38277651168783e-05 
3.38277651168783e-05 
3.38277651168783e-05 
3.883790930453389e-05 
3.883790930453389e-05 
3.883790930453389e-05 
3.883790930453389e-05 
0.0003 
0.00014982911398216334 
0.00014982911398216334 
0.00014982911398216334 
0.00014982911398216334 
8.909994819333712e-05 
8.909994819333712e-05 
0.0003 
0.0003 
0.0001103691124965909 
0.0001103691124965909 
0.0001103691124965909 
1.850189317616659e-05 
1.850189317616659e-05 
1.850189317616659e-05 
0.00017827348698294703 
0.00017827348698294703 
0.00017827348698294703 
3.9931481769372654e-05 
3.9931481769372654e-05 
3.9931481769372654e-05 
1.1125881071880476e-05 
1.1125881071880476e-05 
1.1125881071880476e-05 
1.1125881071880476e-05 
1.1125881071880476e-05 
0.0001376799446608636 
0.00010120436136587281 
0.00010120436136587281 
0.0001853311813966639 
0.0001853311813966639 
5.051528994678606e-05 
5.051528994678606e-05 
5.051528994678606e-05 
5.051528994678606e-05 
1.1104157360507079e-05 
1.1104157360507079e-05 
1.1104157360507079e-05 
1.1104157360507079e-05 
0.00020153938736636206 
0.00018129410608460277 
0.00018129410608460277 
0.00018129410608460277 
5.3337488264708376e-05 
5.3337488264708376e-05 
5.3337488264708376e-05 
1.5288682472551217e-05 
1.5288682472551217e-05 
1.5288682472551217e-05 
1.5288682472551217e-05 
1.5288682472551217e-05 
1.5288682472551217e-05 
1.5288682472551217e-05 
0.0003 
0.0002572101714815781 
0.0002572101714815781 
0.0002572101714815781 
0.00011575952399081618 
0.00011575952399081618 
0.00011575952399081618 
0.00011575952399081618 
9.564408343675393e-06 
9.564408343675393e-06 
9.564408343675393e-06 
9.564408343675393e-06 
9.564408343675393e-06 
9.564408343675393e-06 
9.564408343675393e-06 
9.564408343675393e-06 
9.564408343675393e-06 
7.993404560769065e-05 
7.993404560769065e-05 
7.993404560769065e-05 
7.993404560769065e-05 
5.170606309486343e-05 
5.170606309486343e-05 
5.170606309486343e-05 
5.170606309486343e-05 
0.0003 
0.00010760055893019812 
0.00010760055893019812 
0.00010760055893019812 
0.00010760055893019812 
0.00010760055893019812 
0.00010760055893019812 
0.00010760055893019812 
7.091786643641915e-05 
7.091786643641915e-05 
7.091786643641915e-05 
0.0003 
0.0003 
0.0003 
5.3406630827466906e-05 
5.3406630827466906e-05 
5.3406630827466906e-05 
5.3406630827466906e-05 
0.0003 
0.00014103616675472977 
0.00014103616675472977 
0.00014103616675472977 
0.00014103616675472977 
9.859852060695211e-05 
9.859852060695211e-05 
9.859852060695211e-05 
9.859852060695211e-05 
0.0003 
0.00024506452550700035 
0.00024506452550700035 
0.00024506452550700035 
5.959255872276201e-05 
5.959255872276201e-05 
5.959255872276201e-05 
5.959255872276201e-05 
0.00016198815641887282 
0.00016198815641887282 
0.00016198815641887282 
0.00016198815641887282 
0.00016198815641887282 
0.00014034000206607415 
0.00014034000206607415 
0.00014034000206607415 
0.00014034000206607415 
7.589745263771191e-05 
7.589745263771191e-05 
7.589745263771191e-05 
1.9611003960764326e-05 
1.9611003960764326e-05 
8.618647608303891e-05 
8.618647608303891e-05 
8.618647608303891e-05 
1.3366308467108702e-05 
1.3366308467108702e-05 
1.3366308467108702e-05 
1.3366308467108702e-05 
1.3366308467108702e-05 
1.3366308467108702e-05 
1.3366308467108702e-05 
1.3366308467108702e-05 
0.00012024377201163812 
4.219716778750313e-05 
4.219716778750313e-05 
4.219716778750313e-05 
4.219716778750313e-05 
4.219716778750313e-05 
4.219716778750313e-05 
4.219716778750313e-05 
4.219716778750313e-05 
4.219716778750313e-05 
4.219716778750313e-05 
4.219716778750313e-05 
4.219716778750313e-05 
0.00026649507085372496 
0.00021393664496074987 
0.00021393664496074987 
0.00021393664496074987 
0.00017651789022524636 
0.00017651789022524636 
0.00017651789022524636 
0.00017651789022524636 
0.00017651789022524636 
7.69413291209666e-05 
7.69413291209666e-05 
7.69413291209666e-05 
7.69413291209666e-05 
7.69413291209666e-05 
7.69413291209666e-05 
7.69413291209666e-05 
3.607984453557822e-05 
3.607984453557822e-05 
3.607984453557822e-05 
3.607984453557822e-05 
0.0002401681495840709 
0.0002401681495840709 
0.00018269462545907308 
0.00018269462545907308 
0.00018269462545907308 
0.00018269462545907308 
0.00018269462545907308 
0.00012434391818661692 
0.00012434391818661692 
0.00012434391818661692 
7.520897011920475e-05 
7.520897011920475e-05 
7.520897011920475e-05 
5.637592751649171e-05 
9.844393555928626e-05 
9.844393555928626e-05 
9.844393555928626e-05 
9.844393555928626e-05 
9.844393555928626e-05 
0.0001909870280035114 
0.00012217971434401752 
0.00012217971434401752 
0.00012217971434401752 
5.635893741835323e-05 
5.635893741835323e-05 
5.635893741835323e-05 
0.0003 
0.0002440278566703326 
0.0002440278566703326 
0.0002440278566703326 
0.00019098793309295904 
0.00019098793309295904 
0.00019098793309295904 
2.2221371577366454e-05 
2.2221371577366454e-05 
2.2221371577366454e-05 
0.0003 
0.0001077840354743058 
0.0001077840354743058 
0.0001077840354743058 
2.914491557581596e-05 
2.914491557581596e-05 
2.914491557581596e-05 
2.914491557581596e-05 
2.914491557581596e-05 
0.0003 
0.0002457685043211962 
0.0002457685043211962 
0.00017662223227848698 
0.00017662223227848698 
0.00017662223227848698 
0.00017662223227848698 
0.00010369835243050284 
0.00010369835243050284 
0.00010369835243050284 
0.00010369835243050284 
5.798084866634332e-05 
5.798084866634332e-05 
5.798084866634332e-05 
2.67675111745995e-06 
2.67675111745995e-06 
2.67675111745995e-06 
2.67675111745995e-06 
2.67675111745995e-06 
2.67675111745995e-06 
2.67675111745995e-06 
0.00013199123498771638 
8.571531332200539e-05 
8.571531332200539e-05 
8.571531332200539e-05 
2.485634807235341e-05 
2.485634807235341e-05 
0.0003 
0.0003 
0.00020404963317181124 
0.00020404963317181124 
0.00020404963317181124 
0.00015254071137523378 
0.00015254071137523378 
8.121933749070954e-05 
8.121933749070954e-05 
8.121933749070954e-05 
0.00016991640901622997 
0.00016991640901622997 
0.0001325447603048518 
0.0001325447603048518 
0.0003 
0.0003 
5.845714512667244e-05 
5.845714512667244e-05 
5.845714512667244e-05 
5.845714512667244e-05 
3.770587102709774e-05 
3.770587102709774e-05 
8.822629764263925e-06 
0.0003 
0.0003 
0.0003 
0.0003 
0.0002151057426669437 
0.0002151057426669437 
0.0002151057426669437 
6.12966564258436e-05 
6.12966564258436e-05 
6.12966564258436e-05 
2.5746662519453537e-05 
2.5746662519453537e-05 
2.5746662519453537e-05 
2.5746662519453537e-05 
2.5746662519453537e-05 
3.9729316413765196e-05 
3.9729316413765196e-05 
0.0003 
0.0003 
0.00019918430245076255 
0.00019918430245076255 
0.00019918430245076255 
0.00019918430245076255 
5.420618758303049e-05 
5.4206187583030485e-05 
5.4206187583030485e-05 
2.5036681323630606e-06 
2.5036681323630606e-06 
2.5036681323630606e-06 
2.5036681323630606e-06 
5.816455247241977e-05 
3.744381885730014e-05 
3.744381885730014e-05 
3.744381885730014e-05 
3.744381885730014e-05 
3.744381885730014e-05 
3.744381885730014e-05 
4.896101808931445e-06 
4.896101808931445e-06 
4.896101808931445e-06 
4.896101808931445e-06 
0.0003 
0.00025340278154745827 
0.00025340278154745827 
0.00025340278154745827 
0.00021636280212000017 
0.00021636280212000017 
0.00021636280212000017 
0.00016497979009074282 
0.00016497979009074282 
0.00016497979009074282 
0.00016497979009074282 
0.0001942592334841763 
1.550623884560452e-05 
1.550623884560452e-05 
1.550623884560452e-05 
1.550623884560452e-05 
0.0003 
0.00017142081771119895 
0.00017142081771119895 
6.993769514131358e-05 
6.993769514131358e-05 
6.993769514131358e-05 
1.0427401848196517e-05 
1.0427401848196517e-05 
0.0003 
0.0003 
0.00013311697569937613 
0.00013311697569937613 
0.00013311697569937613 
4.938954172507266e-05 
4.938954172507266e-05 
4.938954172507266e-05 
4.938954172507266e-05 
2.508407677800474e-05 
2.508407677800474e-05 
9.111186429946799e-05 
9.111186429946799e-05 
3.3328981458907774e-05 
3.3328981458907774e-05 
0.00017444230497770145 
0.00017444230497770145 
0.00017444230497770145 
0.00014333385113567753 
0.00014333385113567753 
0.00014333385113567753 
0.00014333385113567753 
8.975957624577918e-05 
8.975957624577918e-05 
8.975957624577918e-05 
8.975957624577918e-05 
6.540105136690637e-05 
6.540105136690637e-05 
0.00010828260948446091 
0.00010828260948446091 
0.00010828260948446091 
0.00010828260948446091 
5.604738823689654e-05 
5.604738823689654e-05 
5.604738823689654e-05 
8.660154563158872e-05 
8.660154563158872e-05 
8.660154563158872e-05 
0.00021243950191886254 
0.00011360152029040233 
0.00011360152029040233 
0.00011360152029040233 
0.00011360152029040233 
0.00011360152029040233 
0.0003 
7.276314554152555e-05 
7.276314554152555e-05 
7.276314554152555e-05 
7.276314554152555e-05 
7.276314554152555e-05 
7.276314554152555e-05 
3.4259841043708586e-05 
3.4259841043708586e-05 
3.4259841043708586e-05 
0.0003 
0.00024814675603780336 
0.00024814675603780336 
0.00024814675603780336 
0.00017490710487126559 
0.00017490710487126559 
0.00017490710487126559 
0.00017490710487126559 
1.2665431261887504e-05 
1.2665431261887504e-05 
1.2665431261887504e-05 
1.2665431261887504e-05 
1.2665431261887504e-05 
1.2665431261887504e-05 
0.0003 
0.0003 
0.0003 
0.0003 
0.00015255471429024902 
0.00015255471429024902 
0.0003 
0.0003 
0.00023136305050357463 
0.00023136305050357463 
0.00023136305050357463 
0.0001764023107422108 
0.0001764023107422108 
0.0001764023107422108 
0.00011550008610884368 
0.00011550008610884368 
2.0927444018904772e-05 
2.092744401890477e-05 
0.0003 
0.0003 
0.00018972457093376525 
0.00018972457093376525 
0.00018972457093376525 
0.00018972457093376525 
1.8722428659851905e-05 
1.8722428659851905e-05 
1.8722428659851905e-05 
9.717097732768317e-05 
5.6726926160812314e-05 
5.6726926160812314e-05 
5.6726926160812314e-05 
5.6726926160812314e-05 
5.6726926160812314e-05 
4.107532401578793e-05 
4.107532401578793e-05 
0.00028849645358251645 
0.00028849645358251645 
0.00024218969111740747 
0.00024218969111740747 
0.00024218969111740747 
0.00018055698366952966 
0.00018055698366952966 
0.0003 
0.0003 
0.00021751466113041293 
0.00021751466113041293 
0.00021751466113041293 
0.00021751466113041293 
0.00018342619202884548 
0.00018342619202884548 
0.00018342619202884548 
0.0002896691052459724 
0.0002459943594568893 
0.0002459943594568893 
0.0002459943594568893 
0.00012284118826947694 
0.00012284118826947694 
0.00012284118826947694 
5.122964108238181e-05 
5.122964108238181e-05 
5.122964108238181e-05 
5.122964108238181e-05 
2.1936208321406988e-05 
2.1936208321406988e-05 
2.1936208321406988e-05 
0.0003 
0.0003 
6.796654348028471e-05 
6.796654348028471e-05 
1.998243859125847e-05 
1.998243859125847e-05 
1.998243859125847e-05 
1.998243859125847e-05 
0.0003 
0.00022380010686286975 
0.00022380010686286975 
0.00022380010686286975 
0.00017121746824058393 
0.00017121746824058393 
0.00017121746824058393 
6.743543685653117e-05 
6.743543685653117e-05 
0.0003 
0.0003 
0.00012504989461034583 
0.00012504989461034583 
0.00012504989461034583 
2.6611201219206573e-05 
2.6611201219206573e-05 
2.6611201219206573e-05 
4.637818113224482e-05 
2.705015082630239e-05 
2.705015082630239e-05 
2.705015082630239e-05 
0.000272176686247621 
0.0003 
0.0003 
0.0003 
1.5421138836970837e-05 
1.5421138836970837e-05 
1.5421138836970837e-05 
1.5421138836970837e-05 
1.5421138836970837e-05 
1.5421138836970837e-05 
1.5421138836970837e-05 
0.00010669288568435406 
6.27358531142564e-05 
6.27358531142564e-05 
6.27358531142564e-05 
6.27358531142564e-05 
3.697554002800372e-05 
3.697554002800372e-05 
3.697554002800372e-05 
3.697554002800372e-05 
3.697554002800372e-05 
3.697554002800372e-05 
3.697554002800372e-05 
0.0002100424179058513 
0.00018472419162433073 
0.00018472419162433073 
0.00018472419162433073 
1.1113633683243452e-05 
1.1113633683243453e-05 
1.1113633683243453e-05 
1.1113633683243453e-05 
